x	y
-0.171042267	1.167
-0.185004901	1.2
-0.146607657	1.233
-0.129154365	1.267
-0.118682389	1.3
-0.101229097	1.333
-0.083775804	1.367
-0.066322512	1.4
-0.045378561	1.433
-0.026179939	1.467
-0.005235988	1.5
0.017453293	1.533
0.036651914	1.567
0.057595865	1.6
0.078539816	1.633
0.095993109	1.667
0.113446401	1.7
0.125663706	1.733
0.137881011	1.767
0.150098316	1.8
0.155334303	1.833
0.16231562	1.867
0.165806279	1.9
0.167551608	1.933
0.165806279	1.967
0.16231562	2
0.157079633	2.033
0.148352986	2.067
0.136135682	2.1
0.120427718	2.133
0.104719755	2.167
0.089011792	2.2
0.06981317	2.233
0.050614548	2.267
0.029670597	2.3
0.008726646	2.333
-0.010471976	2.367
-0.033161256	2.4
-0.054105207	2.433
-0.071558499	2.467
-0.090757121	2.5
-0.106465084	2.533
-0.123918377	2.567
-0.136135682	2.6
-0.150098316	2.633
-0.157079633	2.667
-0.160570291	2.7
-0.16406095	2.733
-0.165806279	2.767
-0.167551608	2.8
-0.16406095	2.833
-0.158824962	2.867
-0.150098316	2.9
-0.137881011	2.933
-0.125663706	2.967
-0.109955743	3
-0.090757121	3.033
-0.073303829	3.067
-0.054105207	3.1
-0.033161256	3.133
-0.013962634	3.167
0.006981317	3.2
0.026179939	3.233
0.045378561	3.267
0.064577182	3.3
0.083775804	3.333
0.101229097	3.367
0.113446401	3.4
0.125663706	3.433
0.137881011	3.467
0.144862328	3.5
0.146607657	3.533
0.153588974	3.567
0.155334303	3.6
0.155334303	3.633
0.155334303	3.667
0.151843645	3.7
0.144862328	3.733
0.134390352	3.767
0.122173048	3.8
0.108210414	3.833
0.09424778	3.867
0.076794487	3.9
0.055850536	3.933
0.036651914	3.967
0.017453293	4
-0.003490659	4.033
-0.02443461	4.067
-0.041887902	4.1
-0.062831853	4.133
-0.080285146	4.167
-0.097738438	4.2
-0.113446401	4.233
-0.127409035	4.267
-0.137881011	4.3
-0.150098316	4.333
-0.157079633	4.367
-0.160570291	4.4
-0.16406095	4.433
-0.16406095	4.467
-0.16406095	4.5
-0.158824962	4.533
-0.153588974	4.567
-0.144862328	4.6
-0.130899694	4.633
-0.11693706	4.667
-0.102974426	4.7
-0.085521133	4.733
-0.064577182	4.767
-0.04712389	4.8
-0.027925268	4.833
-0.006981317	4.867
0.010471976	4.9
0.027925268	4.933
0.048869219	4.967
0.057595865	5
0.080285146	5.033
0.09424778	5.067
0.109955743	5.1
0.118682389	5.133
0.129154365	5.167
0.137881011	5.2
0.13962634	5.233
0.144862328	5.267
0.146607657	5.3
0.144862328	5.333
0.144862328	5.367
0.136135682	5.4
0.125663706	5.433
0.113446401	5.467
0.099483767	5.5
0.083775804	5.533
0.068067841	5.567
0.048869219	5.6
0.031415927	5.633
0.010471976	5.667
-0.012217305	5.7
-0.038397244	5.733
-0.054105207	5.767
-0.073303829	5.8
-0.089011792	5.833
-0.104719755	5.867
-0.120427718	5.9
-0.134390352	5.933
-0.146607657	5.967
-0.157079633	6
-0.167551608	6.033
-0.174532925	6.067
-0.18675023	6.1
-0.18675023	6.133
-0.18675023	6.167
-0.185004901	6.2
-0.178023584	6.233
-0.167551608	6.267
-0.157079633	6.3
-0.143116999	6.333
-0.129154365	6.367
-0.111701072	6.4
-0.09424778	6.433
-0.075049158	6.467
-0.054105207	6.5
-0.034906585	6.533
-0.015707963	6.567
0.003490659	6.6
0.02443461	6.633
0.043633231	6.667
0.059341195	6.7
0.075049158	6.733
0.089011792	6.767
0.101229097	6.8
0.106465084	6.833
0.11693706	6.867
0.122173048	6.9
0.127409035	6.933
0.129154365	6.967
0.129154365	7
0.125663706	7.033
0.122173048	7.067
0.113446401	7.1
0.104719755	7.133
0.09250245	7.167
0.076794487	7.2
0.062831853	7.233
0.045378561	7.267
0.026179939	7.3
0.006981317	7.333
-0.013962634	7.367
-0.031415927	7.4
-0.050614548	7.433
-0.071558499	7.467
-0.090757121	7.5
-0.108210414	7.533
-0.123918377	7.567
-0.13962634	7.6
-0.151843645	7.633
-0.16406095	7.667
-0.172787596	7.7
-0.179768913	7.733
-0.183259571	7.767
-0.185004901	7.8
-0.185004901	7.833
-0.183259571	7.867
-0.179768913	7.9
-0.171042267	7.933
-0.16231562	7.967
-0.150098316	8
-0.136135682	8.033
-0.120427718	8.067
-0.102974426	8.1
-0.085521133	8.133
-0.066322512	8.167
-0.04712389	8.2
-0.027925268	8.233
-0.008726646	8.267
0.010471976	8.3
0.027925268	8.333
0.04712389	8.367
0.062831853	8.4
0.078539816	8.433
0.090757121	8.467
0.102974426	8.5
0.111701072	8.533
0.118682389	8.567
0.123918377	8.6
0.125663706	8.633
0.125663706	8.667
0.125663706	8.7
0.120427718	8.733
0.111701072	8.767
0.102974426	8.8
0.09424778	8.833
0.078539816	8.867
0.066322512	8.9
0.04712389	8.933
0.029670597	8.967
0.010471976	9
-0.006981317	9.033
-0.027925268	9.067
-0.045378561	9.1
-0.066322512	9.133
-0.085521133	9.167
-0.102974426	9.2
-0.120427718	9.233
-0.134390352	9.267
-0.146607657	9.3
-0.158824962	9.333
-0.169296937	9.367
-0.172787596	9.4
-0.176278254	9.433
-0.181514242	9.467
-0.181514242	9.5
-0.181514242	9.533
-0.176278254	9.567
-0.167551608	9.6
-0.160570291	9.633
-0.148352986	9.667
-0.134390352	9.7
-0.120427718	9.733
-0.102974426	9.767
-0.085521133	9.8
-0.066322512	9.833
-0.04712389	9.867
-0.029670597	9.9
-0.010471976	9.933
0.008726646	9.967
0.026179939	10
0.034906585	10.033
0.054105207	10.067
0.068067841	10.1
0.082030475	10.133
0.09424778	10.167
0.104719755	10.2
0.113446401	10.233
0.120427718	10.267
0.123918377	10.3
0.123918377	10.333
0.123918377	10.367
0.122173048	10.4
0.115191731	10.433
0.113446401	10.467
0.104719755	10.5
0.090757121	10.533
0.076794487	10.567
0.057595865	10.6
0.043633231	10.633
0.02268928	10.667
0.005235988	10.7
-0.013962634	10.733
-0.031415927	10.767
-0.04712389	10.8
-0.068067841	10.833
-0.087266463	10.867
-0.104719755	10.9
-0.120427718	10.933
-0.134390352	10.967
-0.141371669	11
-0.146607657	11.033
-0.16231562	11.067
-0.165806279	11.1
-0.172787596	11.133
-0.174532925	11.167
-0.174532925	11.2
-0.172787596	11.233
-0.160570291	11.267
-0.151843645	11.3
-0.141371669	11.333
-0.129154365	11.367
-0.120427718	11.4
-0.104719755	11.433
-0.087266463	11.467
-0.068067841	11.5
-0.054105207	11.533
-0.031415927	11.567
-0.013962634	11.6
0.003490659	11.633
0.020943951	11.667
0.040142573	11.7
0.052359878	11.733
0.071558499	11.767
0.083775804	11.8
0.097738438	11.833
0.106465084	11.867
0.115191731	11.9
0.120427718	11.933
0.125663706	11.967
0.127409035	12
0.129154365	12.033
0.127409035	12.067
0.122173048	12.1
0.111701072	12.133
0.104719755	12.167
0.095993109	12.2
0.078539816	12.233
0.066322512	12.267
0.04712389	12.3
0.034906585	12.333
0.015707963	12.367
-0.001745329	12.4
-0.020943951	12.433
-0.036651914	12.467
-0.059341195	12.5
-0.071558499	12.533
-0.089011792	12.567
-0.104719755	12.6
-0.11693706	12.633
-0.130899694	12.667
-0.137881011	12.7
-0.148352986	12.733
-0.155334303	12.767
-0.158824962	12.8
-0.160570291	12.833
-0.160570291	12.867
-0.160570291	12.9
-0.157079633	12.933
-0.148352986	12.967
-0.137881011	13
-0.125663706	13.033
-0.113446401	13.067
-0.102974426	13.1
-0.087266463	13.133
-0.068067841	13.167
-0.054105207	13.2
-0.040142573	13.233
-0.02443461	13.267
-0.006981317	13.3
0.010471976	13.333
0.029670597	13.367
0.04712389	13.4
0.059341195	13.433
0.075049158	13.467
0.085521133	13.5
0.097738438	13.533
0.104719755	13.567
0.113446401	13.6
0.11693706	13.633
0.123918377	13.667
0.123918377	13.7
0.125663706	13.733
0.122173048	13.767
0.115191731	13.8
0.109955743	13.833
0.097738438	13.867
0.087266463	13.9
0.071558499	13.933
0.059341195	13.967
0.036651914	14
0.026179939	14.033
0.006981317	14.067
-0.008726646	14.1
-0.027925268	14.133
-0.048869219	14.167
-0.062831853	14.2
-0.080285146	14.233
-0.095993109	14.267
-0.111701072	14.3
-0.125663706	14.333
-0.136135682	14.367
-0.143116999	14.4
-0.151843645	14.433
-0.158824962	14.467
-0.160570291	14.5
-0.16231562	14.533
-0.160570291	14.567
-0.160570291	14.6
-0.153588974	14.633
-0.143116999	14.667
-0.137881011	14.7
-0.123918377	14.733
-0.109955743	14.767
-0.095993109	14.8
-0.083775804	14.833
-0.066322512	14.867
-0.04712389	14.9
-0.031415927	14.933
-0.013962634	14.967
0.003490659	15
0.02268928	15.033
0.038397244	15.067
0.054105207	15.1
0.066322512	15.133
0.080285146	15.167
0.090757121	15.2
0.099483767	15.233
0.106465084	15.267
0.111701072	15.3
0.115191731	15.333
0.11693706	15.367
0.118682389	15.4
0.11693706	15.433
0.109955743	15.467
0.102974426	15.5
0.09424778	15.533
0.082030475	15.567
0.068067841	15.6
0.054105207	15.633
0.040142573	15.667
0.02268928	15.7
0.003490659	15.733
-0.012217305	15.767
-0.029670597	15.8
-0.045378561	15.833
-0.064577182	15.867
-0.082030475	15.9
-0.09424778	15.933
-0.108210414	15.967
-0.122173048	16
-0.134390352	16.033
-0.144862328	16.067
-0.150098316	16.1
-0.157079633	16.133
-0.158824962	16.167
-0.158824962	16.2
-0.160570291	16.233
-0.157079633	16.267
-0.150098316	16.3
-0.141371669	16.333
-0.134390352	16.367
-0.122173048	16.4
-0.118682389	16.433
-0.104719755	16.467
-0.089011792	16.5
-0.073303829	16.533
-0.057595865	16.567
-0.038397244	16.6
-0.02443461	16.633
-0.006981317	16.667
0.008726646	16.7
0.026179939	16.733
0.041887902	16.767
0.059341195	16.8
0.06981317	16.833
0.080285146	16.867
0.090757121	16.9
0.099483767	16.933
0.104719755	16.967
0.108210414	17
0.111701072	17.033
0.111701072	17.067
0.111701072	17.1
0.109955743	17.133
0.101229097	17.167
0.095993109	17.2
0.083775804	17.233
0.073303829	17.267
0.061086524	17.3
0.04712389	17.333
0.029670597	17.367
0.012217305	17.4
-0.003490659	17.433
-0.020943951	17.467
-0.036651914	17.5
-0.054105207	17.533
-0.06981317	17.567
-0.085521133	17.6
-0.101229097	17.633
-0.115191731	17.667
-0.123918377	17.7
-0.136135682	17.733
-0.144862328	17.767
-0.150098316	17.8
-0.155334303	17.833
-0.157079633	17.867
-0.157079633	17.9
-0.157079633	17.933
-0.151843645	17.967
-0.148352986	18
-0.13962634	18.033
-0.127409035	18.067
-0.11693706	18.1
-0.106465084	18.133
-0.090757121	18.167
-0.075049158	18.2
-0.059341195	18.233
-0.041887902	18.267
-0.026179939	18.3
-0.010471976	18.333
0.006981317	18.367
0.02268928	18.4
0.038397244	18.433
0.054105207	18.467
0.064577182	18.5
0.076794487	18.533
0.087266463	18.567
0.09424778	18.6
0.101229097	18.633
0.106465084	18.667
0.108210414	18.7
0.109955743	18.733
0.108210414	18.767
0.106465084	18.8
0.099483767	18.833
0.09250245	18.867
0.083775804	18.9
0.073303829	18.933
0.057595865	18.967
0.045378561	19
0.029670597	19.033
0.013962634	19.067
-0.001745329	19.1
-0.019198622	19.133
-0.034906585	19.167
-0.052359878	19.2
-0.066322512	19.233
-0.083775804	19.267
-0.097738438	19.3
-0.113446401	19.333
-0.120427718	19.367
-0.132645023	19.4
-0.141371669	19.433
-0.146607657	19.467
-0.150098316	19.5
-0.150098316	19.533
-0.151843645	19.567
-0.151843645	19.6
-0.151843645	19.633
-0.148352986	19.667
-0.13962634	19.7
-0.130899694	19.733
-0.123918377	19.767
-0.109955743	19.8
-0.095993109	19.833
-0.080285146	19.867
-0.068067841	19.9
-0.050614548	19.933
-0.034906585	19.967
-0.019198622	20
-0.003490659	20.033
0.012217305	20.067
0.027925268	20.1
0.041887902	20.133
0.055850536	20.167
0.068067841	20.2
0.078539816	20.233
0.087266463	20.267
0.09424778	20.3
0.099483767	20.333
0.102974426	20.367
0.104719755	20.4
0.104719755	20.433
0.104719755	20.467
0.099483767	20.5
0.095993109	20.533
0.087266463	20.567
0.076794487	20.6
0.064577182	20.633
0.050614548	20.667
0.038397244	20.7
0.020943951	20.733
0.005235988	20.767
-0.008726646	20.8
-0.026179939	20.833
-0.041887902	20.867
-0.057595865	20.9
-0.071558499	20.933
-0.085521133	20.967
-0.101229097	21
-0.113446401	21.033
-0.122173048	21.067
-0.132645023	21.1
-0.141371669	21.133
-0.144862328	21.167
-0.148352986	21.2
-0.148352986	21.233
-0.150098316	21.267
-0.148352986	21.3
-0.146607657	21.333
-0.137881011	21.367
-0.129154365	21.4
-0.120427718	21.433
-0.108210414	21.467
-0.09424778	21.5
-0.080285146	21.533
-0.066322512	21.567
-0.054105207	21.6
-0.034906585	21.633
-0.020943951	21.667
-0.006981317	21.7
0.008726646	21.733
0.02443461	21.767
0.038397244	21.8
0.052359878	21.833
0.064577182	21.867
0.073303829	21.9
0.083775804	21.933
0.090757121	21.967
0.095993109	22
0.099483767	22.033
0.101229097	22.067
0.101229097	22.1
0.099483767	22.133
0.097738438	22.167
0.09250245	22.2
0.083775804	22.233
0.073303829	22.267
0.062831853	22.3
0.050614548	22.333
0.034906585	22.367
0.020943951	22.4
0.005235988	22.433
-0.010471976	22.467
-0.026179939	22.5
-0.040142573	22.533
-0.057595865	22.567
-0.071558499	22.6
-0.087266463	22.633
-0.101229097	22.667
-0.109955743	22.7
-0.120427718	22.733
-0.130899694	22.767
-0.136135682	22.8
-0.137881011	22.833
-0.144862328	22.867
-0.148352986	22.9
-0.148352986	22.933
-0.148352986	22.967
-0.146607657	23
-0.13962634	23.033
-0.134390352	23.067
-0.125663706	23.1
-0.113446401	23.133
-0.104719755	23.167
-0.090757121	23.2
-0.075049158	23.233
-0.061086524	23.267
-0.043633231	23.3
-0.029670597	23.333
-0.015707963	23.367
0	23.4
0.015707963	23.433
0.029670597	23.467
0.041887902	23.5
0.055850536	23.533
0.066322512	23.567
0.075049158	23.6
0.083775804	23.633
0.089011792	23.667
0.09424778	23.7
0.095993109	23.733
0.097738438	23.767
0.097738438	23.8
0.095993109	23.833
0.09250245	23.867
0.085521133	23.9
0.076794487	23.933
0.066322512	23.967
0.054105207	24
0.041887902	24.033
0.026179939	24.067
0.012217305	24.1
-0.003490659	24.133
-0.017453293	24.167
-0.031415927	24.2
-0.045378561	24.233
-0.062831853	24.267
-0.075049158	24.3
-0.089011792	24.333
-0.102974426	24.367
-0.115191731	24.4
-0.120427718	24.433
-0.130899694	24.467
-0.134390352	24.5
-0.137881011	24.533
-0.141371669	24.567
-0.141371669	24.6
-0.141371669	24.633
-0.13962634	24.667
-0.137881011	24.7
-0.129154365	24.733
-0.122173048	24.767
-0.111701072	24.8
-0.102974426	24.833
-0.089011792	24.867
-0.075049158	24.9
-0.057595865	24.933
-0.043633231	24.967
-0.029670597	25
-0.015707963	25.033
-0.001745329	25.067
0.012217305	25.1
0.027925268	25.133
0.040142573	25.167
0.052359878	25.2
0.061086524	25.233
0.071558499	25.267
0.080285146	25.3
0.087266463	25.333
0.090757121	25.367
0.09250245	25.4
0.09424778	25.433
0.09424778	25.467
0.09250245	25.5
0.090757121	25.533
0.083775804	25.567
0.076794487	25.6
0.066322512	25.633
0.050614548	25.667
0.041887902	25.7
0.027925268	25.733
0.012217305	25.767
-0.001745329	25.8
-0.017453293	25.833
-0.031415927	25.867
-0.043633231	25.9
-0.061086524	25.933
-0.071558499	25.967
-0.087266463	26
-0.090757121	26.033
-0.104719755	26.067
-0.115191731	26.1
-0.125663706	26.133
-0.130899694	26.167
-0.136135682	26.2
-0.137881011	26.233
-0.13962634	26.267
-0.13962634	26.3
-0.13962634	26.333
-0.137881011	26.367
-0.132645023	26.4
-0.123918377	26.433
-0.113446401	26.467
-0.101229097	26.5
-0.09250245	26.533
-0.078539816	26.567
-0.068067841	26.6
-0.050614548	26.633
-0.036651914	26.667
-0.02443461	26.7
-0.010471976	26.733
0.003490659	26.767
0.019198622	26.8
0.031415927	26.833
0.045378561	26.867
0.055850536	26.9
0.064577182	26.933
0.073303829	26.967
0.080285146	27
0.085521133	27.033
0.089011792	27.067
0.09250245	27.1
0.09424778	27.133
0.09250245	27.167
0.089011792	27.2
0.083775804	27.233
0.078539816	27.267
0.06981317	27.3
0.059341195	27.333
0.050614548	27.367
0.036651914	27.4
0.020943951	27.433
0.006981317	27.467
-0.006981317	27.5
-0.02268928	27.533
-0.036651914	27.567
-0.052359878	27.6
-0.064577182	27.633
-0.078539816	27.667
-0.089011792	27.7
-0.101229097	27.733
-0.111701072	27.767
-0.118682389	27.8
-0.123918377	27.833
-0.130899694	27.867
-0.132645023	27.9
-0.136135682	27.933
-0.136135682	27.967
-0.136135682	28
-0.134390352	28.033
-0.130899694	28.067
-0.122173048	28.1
-0.111701072	28.133
-0.102974426	28.167
-0.090757121	28.2
-0.080285146	28.233
-0.066322512	28.267
-0.054105207	28.3
-0.036651914	28.333
-0.02443461	28.367
-0.012217305	28.4
0.003490659	28.433
0.015707963	28.467
0.029670597	28.5
0.041887902	28.533
0.052359878	28.567
0.061086524	28.6
0.06981317	28.633
0.076794487	28.667
0.082030475	28.7
0.09250245	28.733
0.09424778	28.767
0.097738438	28.8
0.097738438	28.833
0.09424778	28.867
0.089011792	28.9
0.082030475	28.933
0.076794487	28.967
0.066322512	29
0.054105207	29.033
0.045378561	29.067
0.029670597	29.1
0.015707963	29.133
0.001745329	29.167
-0.012217305	29.2
-0.019198622	29.233
-0.034906585	29.267
-0.043633231	29.3
-0.062831853	29.333
-0.06981317	29.367
-0.083775804	29.4
-0.090757121	29.433
-0.102974426	29.467
-0.106465084	29.5
-0.11693706	29.533
-0.120427718	29.567
-0.122173048	29.6
-0.122173048	29.633
-0.123918377	29.667
-0.122173048	29.7
-0.120427718	29.733
-0.11693706	29.767
-0.106465084	29.8
-0.101229097	29.833
-0.089011792	29.867
-0.080285146	29.9
-0.064577182	29.933
-0.048869219	29.967
-0.036651914	30
-0.02443461	30.033
-0.012217305	30.067
0.001745329	30.1
0.015707963	30.133
0.029670597	30.167
0.040142573	30.2
0.052359878	30.233
0.059341195	30.267
0.068067841	30.3
0.076794487	30.333
0.080285146	30.367
0.085521133	30.4
0.089011792	30.433
0.090757121	30.467
0.090757121	30.5
0.089011792	30.533
0.085521133	30.567
0.080285146	30.6
0.075049158	30.633
0.066322512	30.667
0.054105207	30.7
0.040142573	30.733
0.02443461	30.767
0.012217305	30.8
0.005235988	30.833
-0.006981317	30.867
-0.020943951	30.9
-0.034906585	30.933
-0.043633231	30.967
-0.061086524	31
-0.075049158	31.033
-0.083775804	31.067
-0.090757121	31.1
-0.101229097	31.133
-0.106465084	31.167
-0.115191731	31.2
-0.118682389	31.233
-0.118682389	31.267
-0.120427718	31.3
-0.122173048	31.333
-0.120427718	31.367
-0.118682389	31.4
-0.109955743	31.433
-0.104719755	31.467
-0.101229097	31.5
-0.09424778	31.533
-0.080285146	31.567
-0.064577182	31.6
-0.054105207	31.633
-0.036651914	31.667
-0.02443461	31.7
-0.013962634	31.733
0.001745329	31.767
0.013962634	31.8
0.026179939	31.833
0.038397244	31.867
0.050614548	31.9
0.057595865	31.933
0.066322512	31.967
0.073303829	32
0.080285146	32.033
0.082030475	32.067
0.085521133	32.1
0.085521133	32.133
0.085521133	32.167
0.085521133	32.2
0.082030475	32.233
0.075049158	32.267
0.071558499	32.3
0.061086524	32.333
0.052359878	32.367
0.040142573	32.4
0.033161256	32.433
0.027925268	32.467
0.012217305	32.5
-0.001745329	32.533
-0.013962634	32.567
-0.026179939	32.6
-0.034906585	32.633
-0.04712389	32.667
-0.064577182	32.7
-0.078539816	32.733
-0.085521133	32.767
-0.095993109	32.8
-0.102974426	32.833
-0.108210414	32.867
-0.109955743	32.9
-0.111701072	32.933
-0.113446401	32.967
-0.113446401	33
-0.113446401	33.033
-0.113446401	33.067
-0.109955743	33.1
-0.108210414	33.133
-0.095993109	33.167
-0.089011792	33.2
-0.076794487	33.233
-0.068067841	33.267
-0.057595865	33.3
-0.041887902	33.333
-0.031415927	33.367
-0.020943951	33.4
-0.006981317	33.433
0.005235988	33.467
0.019198622	33.5
0.031415927	33.533
0.041887902	33.567
0.045378561	33.6
0.055850536	33.633
0.066322512	33.667
0.073303829	33.7
0.078539816	33.733
0.078539816	33.767
0.080285146	33.8
0.080285146	33.833
0.080285146	33.867
0.078539816	33.9
0.073303829	33.933
0.068067841	33.967
0.066322512	34
0.052359878	34.033
0.041887902	34.067
0.029670597	34.1
0.026179939	34.133
0.012217305	34.167
0	34.2
-0.013962634	34.233
-0.026179939	34.267
-0.034906585	34.3
-0.052359878	34.333
-0.061086524	34.367
-0.071558499	34.4
-0.085521133	34.433
-0.090757121	34.467
-0.099483767	34.5
-0.104719755	34.533
-0.106465084	34.567
-0.115191731	34.6
-0.115191731	34.633
-0.11693706	34.667
-0.11693706	34.7
-0.109955743	34.733
-0.108210414	34.767
-0.104719755	34.8
-0.099483767	34.833
-0.087266463	34.867
-0.080285146	34.9
-0.073303829	34.933
-0.057595865	34.967
-0.04712389	35
-0.036651914	35.033
-0.017453293	35.067
-0.006981317	35.1
0.005235988	35.133
0.017453293	35.167
0.029670597	35.2
0.040142573	35.233
0.048869219	35.267
0.054105207	35.3
0.062831853	35.333
0.071558499	35.367
0.075049158	35.4
0.080285146	35.433
0.082030475	35.467
0.083775804	35.5
0.083775804	35.533
0.082030475	35.567
0.076794487	35.6
0.076794487	35.633
0.068067841	35.667
0.059341195	35.7
0.04712389	35.733
0.041887902	35.767
0.031415927	35.8
0.017453293	35.833
0.005235988	35.867
-0.006981317	35.9
-0.020943951	35.933
-0.031415927	35.967
-0.048869219	36
-0.055850536	36.033
-0.064577182	36.067
-0.073303829	36.1
-0.085521133	36.133
-0.090757121	36.167
-0.101229097	36.2
-0.104719755	36.233
-0.108210414	36.267
-0.108210414	36.3
-0.109955743	36.333
-0.109955743	36.367
-0.109955743	36.4
-0.108210414	36.433
-0.104719755	36.467
-0.101229097	36.5
-0.089011792	36.533
-0.083775804	36.567
-0.06981317	36.6
-0.061086524	36.633
-0.04712389	36.667
-0.038397244	36.7
-0.026179939	36.733
-0.013962634	36.767
-0.001745329	36.8
0.010471976	36.833
0.02268928	36.867
0.033161256	36.9
0.043633231	36.933
0.045378561	36.967
0.055850536	37
0.062831853	37.033
0.06981317	37.067
0.075049158	37.1
0.078539816	37.133
0.078539816	37.167
0.080285146	37.2
0.080285146	37.233
0.075049158	37.267
0.06981317	37.3
0.062831853	37.333
0.055850536	37.367
0.043633231	37.4
0.031415927	37.433
0.026179939	37.467
0.015707963	37.5
0.003490659	37.533
-0.008726646	37.567
-0.020943951	37.6
-0.031415927	37.633
-0.041887902	37.667
-0.057595865	37.7
-0.064577182	37.733
-0.076794487	37.767
-0.085521133	37.8
-0.089011792	37.833
-0.09424778	37.867
-0.102974426	37.9
-0.104719755	37.933
-0.106465084	37.967
-0.106465084	38
-0.108210414	38.033
-0.106465084	38.067
-0.104719755	38.1
-0.101229097	38.133
-0.09250245	38.167
-0.087266463	38.2
-0.075049158	38.233
-0.068067841	38.267
-0.059341195	38.3
-0.050614548	38.333
-0.034906585	38.367
-0.02443461	38.4
-0.013962634	38.433
0	38.467
0.010471976	38.5
0.020943951	38.533
0.031415927	38.567
0.040142573	38.6
0.050614548	38.633
0.052359878	38.667
0.059341195	38.7
0.066322512	38.733
0.071558499	38.767
0.073303829	38.8
0.075049158	38.833
0.075049158	38.867
0.076794487	38.9
0.073303829	38.933
0.06981317	38.967
0.064577182	39
0.055850536	39.033
0.04712389	39.067
0.034906585	39.1
0.031415927	39.133
0.019198622	39.167
0.006981317	39.2
-0.001745329	39.233
-0.013962634	39.267
-0.026179939	39.3
-0.036651914	39.333
-0.045378561	39.367
-0.059341195	39.4
-0.066322512	39.433
-0.073303829	39.467
-0.083775804	39.5
-0.089011792	39.533
-0.09424778	39.567
-0.101229097	39.6
-0.102974426	39.633
-0.104719755	39.667
-0.104719755	39.7
-0.104719755	39.733
-0.104719755	39.767
-0.099483767	39.8
-0.09250245	39.833
-0.087266463	39.867
-0.082030475	39.9
-0.068067841	39.933
-0.061086524	39.967
-0.054105207	40
-0.043633231	40.033
-0.029670597	40.067
-0.017453293	40.1
-0.006981317	40.133
0.003490659	40.167
0.013962634	40.2
0.026179939	40.233
0.033161256	40.267
0.038397244	40.3
0.04712389	40.333
0.055850536	40.367
0.061086524	40.4
0.066322512	40.433
0.06981317	40.467
0.073303829	40.5
0.073303829	40.533
0.073303829	40.567
0.071558499	40.6
0.066322512	40.633
0.061086524	40.667
0.054105207	40.7
0.043633231	40.733
0.034906585	40.767
0.02268928	40.8
0.012217305	40.833
0.010471976	40.867
-0.001745329	40.9
-0.013962634	40.933
-0.02443461	40.967
-0.034906585	41
-0.050614548	41.033
-0.057595865	41.067
-0.066322512	41.1
-0.078539816	41.133
-0.082030475	41.167
-0.087266463	41.2
-0.087266463	41.233
-0.09250245	41.267
-0.099483767	41.3
-0.102974426	41.333
-0.101229097	41.367
-0.101229097	41.4
-0.101229097	41.433
-0.09250245	41.467
-0.089011792	41.5
-0.083775804	41.533
-0.080285146	41.567
-0.066322512	41.6
-0.059341195	41.633
-0.052359878	41.667
-0.041887902	41.7
-0.026179939	41.733
-0.015707963	41.767
-0.006981317	41.8
0.003490659	41.833
0.013962634	41.867
0.02443461	41.9
0.033161256	41.933
0.041887902	41.967
0.045378561	42
0.050614548	42.033
0.055850536	42.067
0.061086524	42.1
0.064577182	42.133
0.068067841	42.167
0.068067841	42.2
0.06981317	42.233
0.068067841	42.267
0.064577182	42.3
0.061086524	42.333
0.054105207	42.367
0.045378561	42.4
0.038397244	42.433
0.033161256	42.467
0.02268928	42.5
0.012217305	42.533
0	42.567
-0.010471976	42.6
-0.020943951	42.633
-0.031415927	42.667
-0.038397244	42.7
-0.054105207	42.733
-0.061086524	42.767
-0.066322512	42.8
-0.078539816	42.833
-0.083775804	42.867
-0.087266463	42.9
-0.089011792	42.933
-0.09250245	42.967
-0.099483767	43
-0.101229097	43.033
-0.101229097	43.067
-0.099483767	43.1
-0.097738438	43.133
-0.095993109	43.167
-0.083775804	43.2
-0.080285146	43.233
-0.073303829	43.267
-0.068067841	43.3
-0.052359878	43.333
-0.045378561	43.367
-0.036651914	43.4
-0.020943951	43.433
-0.010471976	43.467
-0.001745329	43.5
0.008726646	43.533
0.019198622	43.567
0.029670597	43.6
0.036651914	43.633
0.041887902	43.667
0.048869219	43.7
0.054105207	43.733
0.059341195	43.767
0.061086524	43.8
0.064577182	43.833
0.064577182	43.867
0.066322512	43.9
0.064577182	43.933
0.062831853	43.967
0.057595865	44
0.052359878	44.033
0.041887902	44.067
0.033161256	44.1
0.02268928	44.133
0.013962634	44.167
0.010471976	44.2
0	44.233
-0.010471976	44.267
-0.020943951	44.3
-0.029670597	44.333
-0.045378561	44.367
-0.052359878	44.4
-0.059341195	44.433
-0.066322512	44.467
-0.078539816	44.5
-0.082030475	44.533
-0.083775804	44.567
-0.087266463	44.6
-0.090757121	44.633
-0.097738438	44.667
-0.097738438	44.7
-0.097738438	44.733
-0.097738438	44.767
-0.090757121	44.8
-0.087266463	44.833
-0.083775804	44.867
-0.078539816	44.9
-0.075049158	44.933
-0.059341195	44.967
-0.050614548	45
-0.045378561	45.033
-0.029670597	45.067
-0.020943951	45.1
-0.010471976	45.133
0	45.167
0.008726646	45.2
0.013962634	45.233
0.02268928	45.267
0.031415927	45.3
0.040142573	45.333
0.04712389	45.367
0.048869219	45.4
0.054105207	45.433
0.057595865	45.467
0.061086524	45.5
0.061086524	45.533
0.062831853	45.567
0.061086524	45.6
0.059341195	45.633
0.055850536	45.667
0.052359878	45.7
0.043633231	45.733
0.031415927	45.767
0.02268928	45.8
0.015707963	45.833
0.005235988	45.867
0.005235988	45.9
-0.006981317	45.933
-0.015707963	45.967
-0.026179939	46
-0.036651914	46.033
-0.050614548	46.067
-0.055850536	46.1
-0.062831853	46.133
-0.06981317	46.167
-0.078539816	46.2
-0.082030475	46.233
-0.087266463	46.267
-0.087266463	46.3
-0.089011792	46.333
-0.090757121	46.367
-0.090757121	46.4
-0.090757121	46.433
-0.089011792	46.467
-0.085521133	46.5
-0.082030475	46.533
-0.080285146	46.567
-0.068067841	46.6
-0.061086524	46.633
-0.054105207	46.667
-0.040142573	46.7
-0.031415927	46.733
-0.02443461	46.767
-0.013962634	46.8
-0.005235988	46.833
0.003490659	46.867
0.012217305	46.9
0.020943951	46.933
0.031415927	46.967
0.040142573	47
0.040142573	47.033
0.043633231	47.067
0.050614548	47.1
0.054105207	47.133
0.057595865	47.167
0.057595865	47.2
0.059341195	47.233
0.057595865	47.267
0.055850536	47.3
0.052359878	47.333
0.04712389	47.367
0.040142573	47.4
0.033161256	47.433
0.02443461	47.467
0.020943951	47.5
0.005235988	47.533
0.001745329	47.567
-0.010471976	47.6
-0.015707963	47.633
-0.02443461	47.667
-0.036651914	47.7
-0.041887902	47.733
-0.048869219	47.767
-0.057595865	47.8
-0.075049158	47.833
-0.076794487	47.867
-0.082030475	47.9
-0.083775804	47.933
-0.085521133	47.967
-0.085521133	48
-0.087266463	48.033
-0.087266463	48.067
-0.087266463	48.1
-0.085521133	48.133
-0.083775804	48.167
-0.082030475	48.2
-0.076794487	48.233
-0.073303829	48.267
-0.059341195	48.3
-0.054105207	48.333
-0.045378561	48.367
-0.041887902	48.4
-0.033161256	48.433
-0.019198622	48.467
-0.008726646	48.5
0	48.533
0.008726646	48.567
0.017453293	48.6
0.026179939	48.633
0.034906585	48.667
0.041887902	48.7
0.04712389	48.733
0.04712389	48.767
0.050614548	48.8
0.052359878	48.833
0.054105207	48.867
0.055850536	48.9
0.055850536	48.933
0.054105207	48.967
0.050614548	49
0.045378561	49.033
0.040142573	49.067
0.031415927	49.1
0.026179939	49.133
0.02443461	49.167
0.013962634	49.2
0.005235988	49.233
-0.005235988	49.267
-0.012217305	49.3
-0.02268928	49.333
-0.031415927	49.367
-0.036651914	49.4
-0.052359878	49.433
-0.059341195	49.467
-0.062831853	49.5
-0.06981317	49.533
-0.071558499	49.567
-0.080285146	49.6
-0.082030475	49.633
-0.090757121	49.667
-0.085521133	49.7
-0.087266463	49.733
-0.085521133	49.767
-0.085521133	49.8
-0.083775804	49.833
-0.080285146	49.867
-0.071558499	49.9
-0.068067841	49.933
-0.061086524	49.967
-0.054105207	50
-0.04712389	50.033
-0.033161256	50.067
-0.026179939	50.1
-0.017453293	50.133
-0.008726646	50.167
0.001745329	50.2
0.010471976	50.233
0.019198622	50.267
0.026179939	50.3
0.033161256	50.333
0.038397244	50.367
0.045378561	50.4
0.050614548	50.433
0.048869219	50.467
0.050614548	50.5
0.052359878	50.533
0.052359878	50.567
0.050614548	50.6
0.050614548	50.633
0.04712389	50.667
0.041887902	50.7
0.036651914	50.733
0.029670597	50.767
0.027925268	50.8
0.019198622	50.833
0.010471976	50.867
0.001745329	50.9
-0.005235988	50.933
-0.013962634	50.967
-0.02443461	51
-0.031415927	51.033
-0.040142573	51.067
-0.052359878	51.1
-0.057595865	51.133
-0.062831853	51.167
-0.066322512	51.2
-0.076794487	51.233
-0.080285146	51.267
-0.082030475	51.3
-0.083775804	51.333
-0.085521133	51.367
-0.085521133	51.4
-0.085521133	51.433
-0.082030475	51.467
-0.080285146	51.5
-0.078539816	51.533
-0.075049158	51.567
-0.073303829	51.6
-0.061086524	51.633
-0.054105207	51.667
-0.04712389	51.7
-0.036651914	51.733
-0.027925268	51.767
-0.019198622	51.8
-0.012217305	51.833
-0.001745329	51.867
0.006981317	51.9
0.013962634	51.933
0.020943951	51.967
0.027925268	52
0.034906585	52.033
0.040142573	52.067
0.045378561	52.1
0.050614548	52.133
0.052359878	52.167
0.055850536	52.2
0.055850536	52.233
0.055850536	52.267
0.055850536	52.3
0.052359878	52.333
0.04712389	52.367
0.043633231	52.4
0.038397244	52.433
0.029670597	52.467
0.02268928	52.5
0.013962634	52.533
0.005235988	52.567
-0.001745329	52.6
-0.012217305	52.633
-0.02268928	52.667
-0.029670597	52.7
-0.036651914	52.733
-0.043633231	52.767
-0.055850536	52.8
-0.061086524	52.833
-0.064577182	52.867
-0.06981317	52.9
-0.076794487	52.933
-0.080285146	52.967
-0.082030475	53
-0.083775804	53.033
-0.083775804	53.067
-0.083775804	53.1
-0.082030475	53.133
-0.080285146	53.167
-0.076794487	53.2
-0.075049158	53.233
-0.064577182	53.267
-0.059341195	53.3
-0.054105207	53.333
-0.048869219	53.367
-0.041887902	53.4
-0.026179939	53.433
-0.020943951	53.467
-0.012217305	53.5
-0.003490659	53.533
0.006981317	53.567
0.013962634	53.6
0.02268928	53.633
0.027925268	53.667
0.034906585	53.7
0.040142573	53.733
0.043633231	53.767
0.04712389	53.8
0.050614548	53.833
0.054105207	53.867
0.054105207	53.9
0.054105207	53.933
0.052359878	53.967
0.050614548	54
0.043633231	54.033
0.041887902	54.067
0.033161256	54.1
0.026179939	54.133
0.019198622	54.167
0.010471976	54.2
0.001745329	54.233
-0.006981317	54.267
-0.013962634	54.3
-0.02268928	54.333
-0.029670597	54.367
-0.043633231	54.4
-0.048869219	54.433
-0.054105207	54.467
-0.059341195	54.5
-0.061086524	54.533
-0.073303829	54.567
-0.083775804	54.6
-0.078539816	54.633
-0.080285146	54.667
-0.080285146	54.7
-0.082030475	54.733
-0.080285146	54.767
-0.080285146	54.8
-0.078539816	54.833
-0.076794487	54.867
-0.075049158	54.9
-0.064577182	54.933
-0.059341195	54.967
-0.054105207	55
-0.04712389	55.033
-0.041887902	55.067
-0.027925268	55.1
-0.020943951	55.133
-0.012217305	55.167
-0.005235988	55.2
0.003490659	55.233
0.010471976	55.267
0.017453293	55.3
0.02268928	55.333
0.029670597	55.367
0.034906585	55.4
0.038397244	55.433
0.041887902	55.467
0.045378561	55.5
0.048869219	55.533
0.050614548	55.567
0.050614548	55.6
0.048869219	55.633
0.04712389	55.667
0.043633231	55.7
0.036651914	55.733
0.033161256	55.767
0.026179939	55.8
0.019198622	55.833
0.012217305	55.867
0.005235988	55.9
-0.003490659	55.933
-0.010471976	55.967
-0.020943951	56
-0.027925268	56.033
-0.034906585	56.067
-0.041887902	56.1
-0.052359878	56.133
-0.057595865	56.167
-0.061086524	56.2
-0.064577182	56.233
-0.068067841	56.267
-0.075049158	56.3
-0.076794487	56.333
-0.078539816	56.367
-0.078539816	56.4
-0.078539816	56.433
-0.076794487	56.467
-0.076794487	56.5
-0.075049158	56.533
-0.071558499	56.567
-0.061086524	56.6
-0.055850536	56.633
-0.050614548	56.667
-0.04712389	56.7
-0.040142573	56.733
-0.026179939	56.767
-0.019198622	56.8
-0.012217305	56.833
-0.005235988	56.867
0.001745329	56.9
0.008726646	56.933
0.015707963	56.967
0.02268928	57
0.029670597	57.033
0.034906585	57.067
0.038397244	57.1
0.041887902	57.133
0.045378561	57.167
0.04712389	57.2
0.04712389	57.233
0.04712389	57.267
0.04712389	57.3
0.043633231	57.333
0.040142573	57.367
0.034906585	57.4
0.029670597	57.433
0.02443461	57.467
0.019198622	57.5
0.008726646	57.533
0.001745329	57.567
-0.005235988	57.6
-0.013962634	57.633
-0.019198622	57.667
-0.027925268	57.7
-0.034906585	57.733
-0.04712389	57.767
-0.050614548	57.8
-0.055850536	57.833
-0.061086524	57.867
-0.064577182	57.9
-0.068067841	57.933
-0.06981317	57.967
-0.06981317	58
-0.071558499	58.033
-0.071558499	58.067
-0.071558499	58.1
-0.071558499	58.133
-0.06981317	58.167
-0.068067841	58.2
-0.066322512	58.233
-0.061086524	58.267
-0.055850536	58.3
-0.052359878	58.333
-0.04712389	58.367
-0.034906585	58.4
-0.029670597	58.433
-0.020943951	58.467
-0.013962634	58.5
-0.005235988	58.533
0	58.567
0.006981317	58.6
0.013962634	58.633
0.020943951	58.667
0.026179939	58.7
0.031415927	58.733
0.034906585	58.767
0.038397244	58.8
0.040142573	58.833
0.043633231	58.867
0.043633231	58.9
0.045378561	58.933
0.043633231	58.967
0.041887902	59
0.038397244	59.033
0.034906585	59.067
0.029670597	59.1
0.02443461	59.133
0.019198622	59.167
0.012217305	59.2
0.005235988	59.233
-0.001745329	59.267
-0.010471976	59.3
-0.019198622	59.333
-0.026179939	59.367
-0.033161256	59.4
-0.038397244	59.433
-0.043633231	59.467
-0.054105207	59.5
-0.057595865	59.533
-0.062831853	59.567
-0.064577182	59.6
-0.068067841	59.633
-0.068067841	59.667
-0.06981317	59.7
-0.075049158	59.733
-0.075049158	59.767
-0.075049158	59.8
-0.073303829	59.833
-0.073303829	59.867
-0.062831853	59.9
-0.059341195	59.933
-0.054105207	59.967
-0.050614548	60
-0.045378561	60.033
-0.040142573	60.067
-0.026179939	60.1
-0.019198622	60.133
-0.012217305	60.167
-0.005235988	60.2
0.001745329	60.233
0.008726646	60.267
0.013962634	60.3
0.020943951	60.333
0.02443461	60.367
0.031415927	60.4
0.033161256	60.433
0.036651914	60.467
0.041887902	60.5
0.041887902	60.533
0.041887902	60.567
0.041887902	60.6
0.041887902	60.633
0.040142573	60.667
0.036651914	60.7
0.031415927	60.733
0.026179939	60.767
0.020943951	60.8
0.013962634	60.833
0.006981317	60.867
0	60.9
-0.005235988	60.933
-0.012217305	60.967
-0.019198622	61
-0.026179939	61.033
-0.033161256	61.067
-0.034906585	61.1
-0.050614548	61.133
-0.054105207	61.167
-0.055850536	61.2
-0.059341195	61.233
-0.061086524	61.267
-0.064577182	61.3
-0.066322512	61.333
-0.068067841	61.367
-0.068067841	61.4
-0.068067841	61.433
-0.068067841	61.467
-0.066322512	61.5
-0.064577182	61.533
-0.061086524	61.567
-0.059341195	61.6
-0.054105207	61.633
-0.048869219	61.667
-0.04712389	61.7
-0.033161256	61.733
-0.026179939	61.767
-0.019198622	61.8
-0.013962634	61.833
-0.006981317	61.867
-0.001745329	61.9
0.005235988	61.933
0.010471976	61.967
0.017453293	62
0.02268928	62.033
0.027925268	62.067
0.031415927	62.1
0.034906585	62.133
0.036651914	62.167
0.040142573	62.2
0.040142573	62.233
0.040142573	62.267
0.038397244	62.3
0.038397244	62.333
0.034906585	62.367
0.031415927	62.4
0.027925268	62.433
0.020943951	62.467
0.013962634	62.5
0.008726646	62.533
0.001745329	62.567
-0.003490659	62.6
-0.010471976	62.633
-0.02443461	62.667
-0.031415927	62.7
-0.033161256	62.733
-0.038397244	62.767
-0.04712389	62.8
-0.050614548	62.833
-0.054105207	62.867
-0.057595865	62.9
-0.061086524	62.933
-0.062831853	62.967
-0.064577182	63
-0.066322512	63.033
-0.066322512	63.067
-0.066322512	63.1
-0.066322512	63.133
-0.064577182	63.167
-0.062831853	63.2
-0.059341195	63.233
-0.055850536	63.267
-0.054105207	63.3
-0.050614548	63.333
-0.043633231	63.367
-0.031415927	63.4
-0.02443461	63.433
-0.017453293	63.467
-0.012217305	63.5
-0.005235988	63.533
0	63.567
0.006981317	63.6
0.012217305	63.633
0.017453293	63.667
0.020943951	63.7
0.026179939	63.733
0.029670597	63.767
0.033161256	63.8
0.034906585	63.833
0.036651914	63.867
0.038397244	63.9
0.036651914	63.933
0.036651914	63.967
0.034906585	64
0.033161256	64.033
0.029670597	64.067
0.02268928	64.1
0.019198622	64.133
0.013962634	64.167
0.006981317	64.2
0.001745329	64.233
-0.005235988	64.267
-0.010471976	64.3
-0.019198622	64.333
-0.02443461	64.367
-0.027925268	64.4
-0.034906585	64.433
-0.043633231	64.467
-0.048869219	64.5
-0.052359878	64.533
-0.057595865	64.567
-0.059341195	64.6
-0.061086524	64.633
-0.06981317	64.667
-0.06981317	64.7
-0.06981317	64.733
-0.06981317	64.767
-0.06981317	64.8
-0.062831853	64.833
-0.062831853	64.867
-0.059341195	64.9
-0.055850536	64.933
-0.052359878	64.967
-0.048869219	65
-0.043633231	65.033
-0.038397244	65.067
-0.033161256	65.1
-0.026179939	65.133
-0.019198622	65.167
-0.013962634	65.2
-0.001745329	65.233
0.003490659	65.267
0.008726646	65.3
0.015707963	65.333
0.020943951	65.367
0.02443461	65.4
0.027925268	65.433
0.031415927	65.467
0.033161256	65.5
0.034906585	65.533
0.034906585	65.567
0.034906585	65.6
0.034906585	65.633
0.033161256	65.667
0.029670597	65.7
0.027925268	65.733
0.02268928	65.767
0.019198622	65.8
0.013962634	65.833
0.008726646	65.867
0.001745329	65.9
-0.003490659	65.933
-0.008726646	65.967
-0.015707963	66
-0.02443461	66.033
-0.027925268	66.067
-0.033161256	66.1
-0.045378561	66.133
-0.050614548	66.167
-0.052359878	66.2
-0.054105207	66.233
-0.057595865	66.267
-0.059341195	66.3
-0.061086524	66.333
-0.062831853	66.367
-0.064577182	66.4
-0.062831853	66.433
-0.062831853	66.467
-0.061086524	66.5
-0.057595865	66.533
-0.055850536	66.567
-0.052359878	66.6
-0.050614548	66.633
-0.045378561	66.667
-0.041887902	66.7
-0.029670597	66.733
-0.02443461	66.767
-0.019198622	66.8
-0.012217305	66.833
-0.006981317	66.867
0	66.9
0.005235988	66.933
0.008726646	66.967
0.015707963	67
0.020943951	67.033
0.02443461	67.067
0.026179939	67.1
0.031415927	67.133
0.031415927	67.167
0.033161256	67.2
0.034906585	67.233
0.034906585	67.267
0.033161256	67.3
0.029670597	67.333
0.027925268	67.367
0.02443461	67.4
0.020943951	67.433
0.015707963	67.467
0.010471976	67.5
0.005235988	67.533
0	67.567
-0.001745329	67.6
-0.010471976	67.633
-0.015707963	67.667
-0.020943951	67.7
-0.027925268	67.733
-0.033161256	67.767
-0.036651914	67.8
-0.041887902	67.833
-0.050614548	67.867
-0.054105207	67.9
-0.055850536	67.933
-0.059341195	67.967
-0.059341195	68
-0.059341195	68.033
-0.061086524	68.067
-0.061086524	68.1
-0.061086524	68.133
-0.059341195	68.167
-0.059341195	68.2
-0.055850536	68.233
-0.052359878	68.267
-0.050614548	68.3
-0.04712389	68.333
-0.041887902	68.367
-0.029670597	68.4
-0.02443461	68.433
-0.019198622	68.467
-0.013962634	68.5
-0.008726646	68.533
-0.001745329	68.567
0.003490659	68.6
0.006981317	68.633
0.013962634	68.667
0.017453293	68.7
0.020943951	68.733
0.02443461	68.767
0.027925268	68.8
0.029670597	68.833
0.029670597	68.867
0.029670597	68.9
0.031415927	68.933
0.029670597	68.967
0.029670597	69
0.027925268	69.033
0.02443461	69.067
0.020943951	69.1
0.015707963	69.133
0.010471976	69.167
0.003490659	69.2
0.001745329	69.233
-0.005235988	69.267
-0.012217305	69.3
-0.017453293	69.333
-0.02443461	69.367
-0.027925268	69.4
-0.040142573	69.433
-0.043633231	69.467
-0.04712389	69.5
-0.050614548	69.533
-0.052359878	69.567
-0.055850536	69.6
-0.057595865	69.633
-0.057595865	69.667
-0.059341195	69.7
-0.059341195	69.733
-0.059341195	69.767
-0.059341195	69.8
-0.057595865	69.833
-0.055850536	69.867
-0.054105207	69.9
-0.050614548	69.933
-0.048869219	69.967
-0.045378561	70
-0.033161256	70.033
-0.029670597	70.067
-0.02443461	70.1
-0.017453293	70.133
-0.012217305	70.167
-0.008726646	70.2
-0.001745329	70.233
0.001745329	70.267
0.006981317	70.3
0.012217305	70.333
0.015707963	70.367
0.020943951	70.4
0.02268928	70.433
0.02443461	70.467
0.026179939	70.5
0.027925268	70.533
0.027925268	70.567
0.027925268	70.6
0.027925268	70.633
0.02443461	70.667
0.02268928	70.7
0.020943951	70.733
0.015707963	70.767
0.015707963	70.8
0.010471976	70.833
0.005235988	70.867
0.001745329	70.9
-0.005235988	70.933
-0.008726646	70.967
-0.015707963	71
-0.02268928	71.033
-0.026179939	71.067
-0.033161256	71.1
-0.041887902	71.133
-0.04712389	71.167
-0.048869219	71.2
-0.050614548	71.233
-0.052359878	71.267
-0.055850536	71.3
-0.055850536	71.333
-0.057595865	71.367
-0.057595865	71.4
-0.057595865	71.433
-0.057595865	71.467
-0.055850536	71.5
-0.055850536	71.533
-0.052359878	71.567
-0.050614548	71.6
-0.048869219	71.633
-0.045378561	71.667
-0.040142573	71.7
-0.034906585	71.733
-0.02268928	71.767
-0.017453293	71.8
-0.012217305	71.833
-0.008726646	71.867
-0.003490659	71.9
0.001745329	71.933
0.006981317	71.967
0.010471976	72
0.013962634	72.033
0.017453293	72.067
0.020943951	72.1
0.02268928	72.133
0.02443461	72.167
0.026179939	72.2
0.026179939	72.233
0.026179939	72.267
0.026179939	72.3
0.02268928	72.333
0.020943951	72.367
0.017453293	72.4
0.013962634	72.433
0.010471976	72.467
0.005235988	72.5
0.003490659	72.533
-0.001745329	72.567
-0.006981317	72.6
-0.012217305	72.633
-0.017453293	72.667
-0.029670597	72.7
-0.034906585	72.733
-0.040142573	72.767
-0.043633231	72.8
-0.04712389	72.833
-0.050614548	72.867
-0.052359878	72.9
-0.054105207	72.933
-0.054105207	72.967
-0.055850536	73
-0.055850536	73.033
-0.055850536	73.067
-0.055850536	73.1
-0.055850536	73.133
-0.054105207	73.167
-0.054105207	73.2
-0.050614548	73.233
-0.04712389	73.267
-0.045378561	73.3
-0.034906585	73.333
-0.029670597	73.367
-0.026179939	73.4
-0.020943951	73.433
-0.015707963	73.467
-0.012217305	73.5
-0.006981317	73.533
-0.001745329	73.567
0.001745329	73.6
0.008726646	73.633
0.012217305	73.667
0.015707963	73.7
0.017453293	73.733
0.020943951	73.767
0.02268928	73.8
0.02443461	73.833
0.02443461	73.867
0.02443461	73.9
0.02443461	73.933
0.02268928	73.967
0.02268928	74
0.020943951	74.033
0.017453293	74.067
0.015707963	74.1
0.010471976	74.133
0.006981317	74.167
0.003490659	74.2
-0.001745329	74.233
-0.006981317	74.267
-0.012217305	74.3
-0.017453293	74.333
-0.02268928	74.367
-0.026179939	74.4
-0.031415927	74.433
-0.034906585	74.467
-0.038397244	74.5
-0.04712389	74.533
-0.048869219	74.567
-0.050614548	74.6
-0.052359878	74.633
-0.054105207	74.667
-0.054105207	74.7
-0.054105207	74.733
-0.054105207	74.767
-0.054105207	74.8
-0.052359878	74.833
-0.050614548	74.867
-0.048869219	74.9
-0.04712389	74.933
-0.045378561	74.967
-0.034906585	75
-0.029670597	75.033
-0.02443461	75.067
-0.020943951	75.1
-0.017453293	75.133
-0.012217305	75.167
-0.008726646	75.2
-0.003490659	75.233
0.001745329	75.267
0.005235988	75.3
0.008726646	75.333
0.012217305	75.367
0.015707963	75.4
0.019198622	75.433
0.019198622	75.467
0.020943951	75.5
0.020943951	75.533
0.020943951	75.567
0.020943951	75.6
0.019198622	75.633
0.019198622	75.667
0.017453293	75.7
0.015707963	75.733
0.010471976	75.767
0.006981317	75.8
0.005235988	75.833
0	75.867
-0.013962634	75.9
-0.010471976	75.933
-0.013962634	75.967
-0.019198622	76
-0.02268928	76.033
-0.027925268	76.067
-0.031415927	76.1
-0.040142573	76.133
-0.045378561	76.167
-0.04712389	76.2
-0.050614548	76.233
-0.050614548	76.267
-0.052359878	76.3
-0.054105207	76.333
-0.054105207	76.367
-0.054105207	76.4
-0.052359878	76.433
-0.050614548	76.467
-0.050614548	76.5
-0.048869219	76.533
-0.045378561	76.567
-0.043633231	76.6
-0.040142573	76.633
-0.038397244	76.667
-0.034906585	76.7
-0.02443461	76.733
-0.019198622	76.767
-0.013962634	76.8
-0.010471976	76.833
-0.006981317	76.867
-0.001745329	76.9
0.001745329	76.933
0.006981317	76.967
0.010471976	77
0.012217305	77.033
0.015707963	77.067
0.017453293	77.1
0.019198622	77.133
0.019198622	77.167
0.019198622	77.2
0.019198622	77.233
0.019198622	77.267
0.019198622	77.3
0.017453293	77.333
0.013962634	77.367
0.012217305	77.4
0.010471976	77.433
0.005235988	77.467
0.001745329	77.5
-0.001745329	77.533
-0.006981317	77.567
-0.010471976	77.6
-0.013962634	77.633
-0.019198622	77.667
-0.02268928	77.7
-0.027925268	77.733
-0.036651914	77.767
-0.040142573	77.8
-0.043633231	77.833
-0.045378561	77.867
-0.048869219	77.9
-0.048869219	77.933
-0.050614548	77.967
-0.050614548	78
-0.052359878	78.033
-0.052359878	78.067
-0.052359878	78.1
-0.050614548	78.133
-0.048869219	78.167
-0.04712389	78.2
-0.045378561	78.233
-0.043633231	78.267
-0.040142573	78.3
-0.034906585	78.333
-0.026179939	78.367
-0.02268928	78.4
-0.019198622	78.433
-0.013962634	78.467
-0.010471976	78.5
-0.006981317	78.533
-0.003490659	78.567
0.001745329	78.6
0.006981317	78.633
0.008726646	78.667
0.012217305	78.7
0.013962634	78.733
0.015707963	78.767
0.017453293	78.8
0.017453293	78.833
0.017453293	78.867
0.017453293	78.9
0.017453293	78.933
0.015707963	78.967
0.013962634	79
0.012217305	79.033
0.008726646	79.067
0.005235988	79.1
0.003490659	79.133
0	79.167
-0.005235988	79.2
-0.008726646	79.233
-0.012217305	79.267
-0.017453293	79.3
-0.027925268	79.333
-0.031415927	79.367
-0.034906585	79.4
-0.033161256	79.433
-0.034906585	79.467
-0.043633231	79.5
-0.045378561	79.533
-0.04712389	79.567
-0.048869219	79.6
-0.048869219	79.633
-0.050614548	79.667
-0.048869219	79.7
-0.048869219	79.733
-0.048869219	79.767
-0.048869219	79.8
-0.04712389	79.833
-0.045378561	79.867
-0.043633231	79.9
-0.034906585	79.933
-0.038397244	79.967
-0.034906585	80
-0.031415927	80.033
-0.027925268	80.067
-0.017453293	80.1
-0.013962634	80.133
-0.008726646	80.167
-0.005235988	80.2
0	80.233
0.003490659	80.267
0.006981317	80.3
0.008726646	80.333
0.012217305	80.367
0.012217305	80.4
0.013962634	80.433
0.015707963	80.467
0.015707963	80.5
0.015707963	80.533
0.015707963	80.567
0.015707963	80.6
0.013962634	80.633
0.012217305	80.667
0.010471976	80.7
0.008726646	80.733
0.005235988	80.767
0.001745329	80.8
-0.001745329	80.833
-0.005235988	80.867
-0.008726646	80.9
-0.012217305	80.933
-0.02268928	80.967
-0.026179939	81
-0.031415927	81.033
-0.034906585	81.067
-0.031415927	81.1
-0.034906585	81.133
-0.036651914	81.167
-0.043633231	81.2
-0.045378561	81.233
-0.04712389	81.267
-0.048869219	81.3
-0.048869219	81.333
-0.048869219	81.367
-0.048869219	81.4
-0.048869219	81.433
-0.04712389	81.467
-0.045378561	81.5
-0.043633231	81.533
-0.040142573	81.567
-0.040142573	81.6
-0.036651914	81.633
-0.033161256	81.667
-0.029670597	81.7
-0.026179939	81.733
-0.02268928	81.767
-0.019198622	81.8
-0.006981317	81.833
-0.005235988	81.867
0	81.9
0.001745329	81.933
0.005235988	81.967
0.006981317	82
0.010471976	82.033
0.012217305	82.067
0.013962634	82.1
0.013962634	82.133
0.015707963	82.167
0.015707963	82.2
0.015707963	82.233
0.013962634	82.267
0.012217305	82.3
0.010471976	82.333
0.008726646	82.367
0.005235988	82.4
0.003490659	82.433
0	82.467
-0.003490659	82.5
-0.006981317	82.533
-0.010471976	82.567
-0.020943951	82.6
-0.02443461	82.633
-0.027925268	82.667
-0.031415927	82.7
-0.034906585	82.733
-0.038397244	82.767
-0.040142573	82.8
-0.041887902	82.833
-0.043633231	82.867
-0.045378561	82.9
-0.04712389	82.933
-0.04712389	82.967
-0.04712389	83
-0.04712389	83.033
-0.04712389	83.067
-0.045378561	83.1
-0.043633231	83.133
-0.041887902	83.167
-0.040142573	83.2
-0.038397244	83.233
-0.034906585	83.267
-0.033161256	83.3
-0.029670597	83.333
-0.027925268	83.367
-0.02268928	83.4
-0.020943951	83.433
-0.017453293	83.467
-0.012217305	83.5
-0.008726646	83.533
0	83.567
0.001745329	83.6
0.005235988	83.633
0.006981317	83.667
0.008726646	83.7
0.010471976	83.733
0.012217305	83.767
0.012217305	83.8
0.012217305	83.833
0.012217305	83.867
0.012217305	83.9
0.010471976	83.933
0.010471976	83.967
0.008726646	84
0.006981317	84.033
0.003490659	84.067
0.001745329	84.1
-0.001745329	84.133
-0.005235988	84.167
-0.008726646	84.2
-0.012217305	84.233
-0.02268928	84.267
-0.019198622	84.3
-0.020943951	84.333
-0.031415927	84.367
-0.029670597	84.4
-0.031415927	84.433
-0.040142573	84.467
-0.041887902	84.5
-0.043633231	84.533
-0.043633231	84.567
-0.045378561	84.6
-0.045378561	84.633
-0.045378561	84.667
-0.045378561	84.7
-0.045378561	84.733
-0.045378561	84.767
-0.043633231	84.8
-0.040142573	84.833
-0.040142573	84.867
-0.036651914	84.9
-0.034906585	84.933
-0.026179939	84.967
-0.02268928	85
-0.020943951	85.033
-0.015707963	85.067
-0.013962634	85.1
-0.008726646	85.133
-0.006981317	85.167
-0.003490659	85.2
0	85.233
0.001745329	85.267
0.003490659	85.3
0.005235988	85.333
0.008726646	85.367
0.008726646	85.4
0.010471976	85.433
0.010471976	85.467
0.010471976	85.5
0.010471976	85.533
0.008726646	85.567
0.008726646	85.6
0.006981317	85.633
0.003490659	85.667
0.001745329	85.7
-0.001745329	85.733
-0.003490659	85.767
-0.006981317	85.8
-0.008726646	85.833
-0.012217305	85.867
-0.013962634	85.9
-0.019198622	85.933
-0.02268928	85.967
-0.026179939	86
-0.027925268	86.033
-0.029670597	86.067
-0.033161256	86.1
-0.041887902	86.133
-0.043633231	86.167
-0.043633231	86.2
-0.045378561	86.233
-0.045378561	86.267
-0.045378561	86.3
-0.045378561	86.333
-0.045378561	86.367
-0.045378561	86.4
-0.043633231	86.433
-0.041887902	86.467
-0.040142573	86.5
-0.038397244	86.533
-0.036651914	86.567
-0.027925268	86.6
-0.02443461	86.633
-0.020943951	86.667
-0.017453293	86.7
-0.013962634	86.733
-0.010471976	86.767
-0.008726646	86.8
-0.006981317	86.833
-0.003490659	86.867
0	86.9
0.001745329	86.933
0.003490659	86.967
0.005235988	87
0.006981317	87.033
0.008726646	87.067
0.008726646	87.1
0.010471976	87.133
0.010471976	87.167
0.008726646	87.2
0.008726646	87.233
0.006981317	87.267
0.005235988	87.3
0.003490659	87.333
0.001745329	87.367
-0.001745329	87.4
-0.005235988	87.433
-0.006981317	87.467
-0.010471976	87.5
-0.013962634	87.533
-0.02443461	87.567
-0.027925268	87.6
-0.029670597	87.633
-0.026179939	87.667
-0.027925268	87.7
-0.031415927	87.733
-0.040142573	87.767
-0.041887902	87.8
-0.041887902	87.833
-0.043633231	87.867
-0.043633231	87.9
-0.043633231	87.933
-0.043633231	87.967
-0.043633231	88
-0.043633231	88.033
-0.041887902	88.067
-0.041887902	88.1
-0.040142573	88.133
-0.038397244	88.167
-0.036651914	88.2
-0.027925268	88.233
-0.026179939	88.267
-0.02268928	88.3
-0.019198622	88.333
-0.015707963	88.367
-0.012217305	88.4
-0.010471976	88.433
-0.006981317	88.467
-0.005235988	88.5
-0.001745329	88.533
0	88.567
0.003490659	88.6
0.005235988	88.633
0.006981317	88.667
0.006981317	88.7
0.008726646	88.733
0.008726646	88.767
0.008726646	88.8
0.008726646	88.833
0.006981317	88.867
0.006981317	88.9
0.005235988	88.933
0.003490659	88.967
0.001745329	89
-0.001745329	89.033
-0.003490659	89.067
-0.006981317	89.1
-0.010471976	89.133
-0.012217305	89.167
-0.015707963	89.2
-0.019198622	89.233
-0.02268928	89.267
-0.026179939	89.3
-0.027925268	89.333
-0.029670597	89.367
-0.038397244	89.4
-0.040142573	89.433
-0.041887902	89.467
-0.041887902	89.5
-0.043633231	89.533
-0.043633231	89.567
-0.043633231	89.6
-0.043633231	89.633
-0.043633231	89.667
-0.041887902	89.7
-0.040142573	89.733
-0.040142573	89.767
-0.038397244	89.8
-0.036651914	89.833
-0.034906585	89.867
-0.031415927	89.9
-0.02268928	89.933
-0.019198622	89.967
-0.017453293	90
-0.015707963	90.033
-0.012217305	90.067
-0.008726646	90.1
-0.006981317	90.133
-0.003490659	90.167
-0.001745329	90.2
0	90.233
0.003490659	90.267
0.003490659	90.3
0.005235988	90.333
0.006981317	90.367
0.006981317	90.4
0.006981317	90.433
0.006981317	90.467
0.006981317	90.5
0.005235988	90.533
0.003490659	90.567
0.003490659	90.6
0	90.633
-0.001745329	90.667
-0.003490659	90.7
-0.006981317	90.733
-0.008726646	90.767
-0.012217305	90.8
-0.013962634	90.833
-0.02443461	90.867
-0.027925268	90.9
-0.029670597	90.933
-0.033161256	90.967
-0.034906585	91
-0.038397244	91.033
-0.038397244	91.067
-0.040142573	91.1
-0.041887902	91.133
-0.041887902	91.167
-0.041887902	91.2
-0.041887902	91.233
-0.041887902	91.267
-0.041887902	91.3
-0.041887902	91.333
-0.041887902	91.367
-0.040142573	91.4
-0.038397244	91.433
-0.036651914	91.467
-0.027925268	91.5
-0.026179939	91.533
-0.031415927	91.567
-0.020943951	91.6
-0.019198622	91.633
-0.015707963	91.667
-0.012217305	91.7
-0.010471976	91.733
-0.006981317	91.767
-0.003490659	91.8
-0.001745329	91.833
0	91.867
0.001745329	91.9
0.003490659	91.933
0.005235988	91.967
0.006981317	92
0.006981317	92.033
0.006981317	92.067
0.006981317	92.1
0.006981317	92.133
0.005235988	92.167
0.003490659	92.2
0.001745329	92.233
0	92.267
-0.001745329	92.3
-0.003490659	92.333
-0.006981317	92.367
-0.008726646	92.4
-0.010471976	92.433
-0.013962634	92.467
-0.017453293	92.5
-0.020943951	92.533
-0.029670597	92.567
-0.031415927	92.6
-0.033161256	92.633
-0.036651914	92.667
-0.038397244	92.7
-0.040142573	92.733
-0.040142573	92.767
-0.040142573	92.8
-0.041887902	92.833
-0.041887902	92.867
-0.041887902	92.9
-0.041887902	92.933
-0.041887902	92.967
-0.040142573	93
-0.038397244	93.033
-0.038397244	93.067
-0.036651914	93.1
-0.034906585	93.133
-0.033161256	93.167
-0.026179939	93.2
-0.02268928	93.233
-0.020943951	93.267
-0.017453293	93.3
-0.013962634	93.333
-0.012217305	93.367
-0.008726646	93.4
-0.006981317	93.433
-0.003490659	93.467
-0.001745329	93.5
0	93.533
0.001745329	93.567
0.003490659	93.6
0.005235988	93.633
0.005235988	93.667
0.005235988	93.7
0.005235988	93.733
0.005235988	93.767
0.003490659	93.8
0.003490659	93.833
0.001745329	93.867
0	93.9
-0.001745329	93.933
-0.003490659	93.967
-0.006981317	94
-0.008726646	94.033
-0.012217305	94.067
-0.013962634	94.1
-0.015707963	94.133
-0.019198622	94.167
-0.02268928	94.2
-0.031415927	94.233
-0.033161256	94.267
-0.034906585	94.3
-0.036651914	94.333
-0.038397244	94.367
-0.040142573	94.4
-0.040142573	94.433
-0.041887902	94.467
-0.041887902	94.5
-0.041887902	94.533
-0.041887902	94.567
-0.041887902	94.6
-0.040142573	94.633
-0.040142573	94.667
-0.038397244	94.7
-0.036651914	94.733
-0.036651914	94.767
-0.034906585	94.8
-0.031415927	94.833
-0.029670597	94.867
-0.020943951	94.9
-0.017453293	94.933
-0.013962634	94.967
-0.012217305	95
-0.008726646	95.033
-0.006981317	95.067
-0.005235988	95.1
-0.003490659	95.133
-0.001745329	95.167
0	95.2
0.001745329	95.233
0.003490659	95.267
0.003490659	95.3
0.005235988	95.333
0.005235988	95.367
0.005235988	95.4
0.005235988	95.433
0.003490659	95.467
0.001745329	95.5
0	95.533
-0.001745329	95.567
-0.003490659	95.6
-0.005235988	95.633
-0.008726646	95.667
-0.010471976	95.7
-0.013962634	95.733
-0.015707963	95.767
-0.019198622	95.8
-0.020943951	95.833
-0.02268928	95.867
-0.026179939	95.9
-0.027925268	95.933
-0.029670597	95.967
-0.029670597	96
-0.031415927	96.033
-0.033161256	96.067
-0.033161256	96.1
-0.033161256	96.133
-0.033161256	96.167
-0.034906585	96.2
-0.034906585	96.233
-0.033161256	96.267
-0.031415927	96.3
-0.031415927	96.333
-0.031415927	96.367
-0.029670597	96.4
-0.027925268	96.433
-0.026179939	96.467
-0.02443461	96.5
-0.02268928	96.533
-0.019198622	96.567
-0.015707963	96.6
-0.012217305	96.633
-0.008726646	96.667
-0.006981317	96.7
-0.005235988	96.733
-0.003490659	96.767
-0.001745329	96.8
0	96.833
0.001745329	96.867
0.003490659	96.9
0.003490659	96.933
0.003490659	96.967
0.005235988	97
0.005235988	97.033
0.003490659	97.067
0.003490659	97.1
0.001745329	97.133
0.001745329	97.167
0	97.2
-0.001745329	97.233
-0.005235988	97.267
-0.006981317	97.3
-0.008726646	97.333
-0.012217305	97.367
-0.013962634	97.4
-0.015707963	97.433
-0.017453293	97.467
-0.020943951	97.5
-0.029670597	97.533
-0.033161256	97.567
-0.027925268	97.6
-0.027925268	97.633
-0.029670597	97.667
-0.031415927	97.7
-0.031415927	97.733
-0.033161256	97.767
-0.033161256	97.8
-0.040142573	97.833
-0.040142573	97.867
-0.040142573	97.9
-0.040142573	97.933
-0.038397244	97.967
-0.036651914	98
-0.027925268	98.033
-0.027925268	98.067
-0.026179939	98.1
-0.02443461	98.133
-0.020943951	98.167
-0.019198622	98.2
-0.015707963	98.233
-0.013962634	98.267
-0.010471976	98.3
-0.008726646	98.333
-0.006981317	98.367
-0.005235988	98.4
-0.001745329	98.433
-0.001745329	98.467
0	98.5
0.001745329	98.533
0.003490659	98.567
0.003490659	98.6
0.003490659	98.633
0.003490659	98.667
0.003490659	98.7
0.001745329	98.733
0.001745329	98.767
0	98.8
-0.001745329	98.833
-0.003490659	98.867
-0.005235988	98.9
-0.008726646	98.933
-0.010471976	98.967
-0.012217305	99
-0.013962634	99.033
-0.017453293	99.067
-0.019198622	99.1
-0.020943951	99.133
-0.02268928	99.167
-0.026179939	99.2
-0.027925268	99.233
-0.029670597	99.267
-0.031415927	99.3
-0.031415927	99.333
-0.033161256	99.367
-0.033161256	99.4
-0.033161256	99.433
-0.033161256	99.467
-0.033161256	99.5
-0.033161256	99.533
-0.033161256	99.567
-0.033161256	99.6
-0.031415927	99.633
-0.029670597	99.667
-0.027925268	99.7
-0.026179939	99.733
-0.02443461	99.767
-0.02268928	99.8
-0.019198622	99.833
-0.017453293	99.867
-0.015707963	99.9
-0.012217305	99.933
-0.010471976	99.967
-0.008726646	100
-0.005235988	100.033
-0.003490659	100.067
-0.001745329	100.1
-0.001745329	100.133
0	100.167
0.001745329	100.2
0.001745329	100.233
0.001745329	100.267
0.003490659	100.3
0.001745329	100.333
0.001745329	100.367
0.001745329	100.4
0	100.433
-0.001745329	100.467
-0.003490659	100.5
-0.005235988	100.533
-0.006981317	100.567
-0.008726646	100.6
-0.010471976	100.633
-0.013962634	100.667
-0.015707963	100.7
-0.017453293	100.733
-0.019198622	100.767
-0.02268928	100.8
-0.02443461	100.833
-0.02443461	100.867
-0.034906585	100.9
-0.036651914	100.933
-0.038397244	100.967
-0.038397244	101
-0.038397244	101.033
-0.038397244	101.067
-0.038397244	101.1
-0.038397244	101.133
-0.038397244	101.167
-0.038397244	101.2
-0.036651914	101.233
-0.034906585	101.267
-0.034906585	101.3
-0.033161256	101.333
-0.031415927	101.367
-0.031415927	101.4
-0.027925268	101.433
-0.026179939	101.467
-0.02443461	101.5
-0.020943951	101.533
-0.019198622	101.567
-0.010471976	101.6
-0.015707963	101.633
-0.013962634	101.667
-0.012217305	101.7
-0.010471976	101.733
-0.001745329	101.767
0	101.8
0	101.833
0.001745329	101.867
0.001745329	101.9
0.001745329	101.933
0.001745329	101.967
0	102
0	102.033
0	102.067
-0.001745329	102.1
-0.003490659	102.133
-0.005235988	102.167
-0.006981317	102.2
-0.008726646	102.233
-0.012217305	102.267
-0.012217305	102.3
-0.015707963	102.333
-0.017453293	102.367
-0.020943951	102.4
-0.02268928	102.433
-0.02443461	102.467
-0.026179939	102.5
-0.027925268	102.533
-0.029670597	102.567
-0.031415927	102.6
-0.031415927	102.633
-0.031415927	102.667
-0.033161256	102.7
-0.033161256	102.733
-0.033161256	102.767
-0.033161256	102.8
-0.033161256	102.833
-0.031415927	102.867
-0.029670597	102.9
-0.029670597	102.933
-0.029670597	102.967
-0.027925268	103
-0.02443461	103.033
-0.02268928	103.067
-0.020943951	103.1
-0.017453293	103.133
-0.015707963	103.167
-0.013962634	103.2
-0.012217305	103.233
-0.008726646	103.267
-0.006981317	103.3
-0.005235988	103.333
-0.003490659	103.367
-0.001745329	103.4
-0.001745329	103.433
0	103.467
0.001745329	103.5
0.001745329	103.533
0.001745329	103.567
0.001745329	103.6
0.001745329	103.633
0.001745329	103.667
0	103.7
-0.001745329	103.733
-0.003490659	103.767
-0.005235988	103.8
-0.006981317	103.833
-0.008726646	103.867
-0.010471976	103.9
-0.012217305	103.933
-0.013962634	103.967
-0.017453293	104
-0.019198622	104.033
-0.020943951	104.067
-0.02268928	104.1
-0.02443461	104.133
-0.026179939	104.167
-0.027925268	104.2
-0.029670597	104.233
-0.029670597	104.267
-0.029670597	104.3
-0.031415927	104.333
-0.031415927	104.367
-0.031415927	104.4
-0.031415927	104.433
-0.031415927	104.467
-0.031415927	104.5
-0.029670597	104.533
-0.027925268	104.567
-0.027925268	104.6
-0.026179939	104.633
-0.02443461	104.667
-0.02268928	104.7
-0.019198622	104.733
-0.017453293	104.767
-0.015707963	104.8
-0.012217305	104.833
-0.012217305	104.867
-0.010471976	104.9
-0.008726646	104.933
-0.005235988	104.967
-0.005235988	105
-0.003490659	105.033
-0.001745329	105.067
0	105.1
0	105.133
0	105.167
0.001745329	105.2
0.001745329	105.233
0.001745329	105.267
0	105.3
0	105.333
-0.001745329	105.367
-0.003490659	105.4
-0.005235988	105.433
-0.006981317	105.467
-0.008726646	105.5
-0.010471976	105.533
-0.012217305	105.567
-0.013962634	105.6
-0.015707963	105.633
-0.019198622	105.667
-0.020943951	105.7
-0.02268928	105.733
-0.02443461	105.767
-0.026179939	105.8
-0.026179939	105.833
-0.027925268	105.867
-0.029670597	105.9
-0.029670597	105.933
-0.029670597	105.967
-0.029670597	106
-0.031415927	106.033
-0.031415927	106.067
-0.029670597	106.1
-0.029670597	106.133
-0.029670597	106.167
-0.027925268	106.2
-0.026179939	106.233
-0.02443461	106.267
-0.02443461	106.3
-0.02268928	106.333
-0.019198622	106.367
-0.017453293	106.4
-0.015707963	106.433
-0.013962634	106.467
-0.012217305	106.5
-0.010471976	106.533
-0.008726646	106.567
-0.005235988	106.6
-0.005235988	106.633
-0.003490659	106.667
-0.001745329	106.7
0	106.733
0	106.767
0	106.8
0.001745329	106.833
0.001745329	106.867
0	106.9
0	106.933
0	106.967
-0.001745329	107
-0.001745329	107.033
-0.003490659	107.067
-0.006981317	107.1
-0.006981317	107.133
-0.008726646	107.167
-0.012217305	107.2
-0.012217305	107.233
-0.015707963	107.267
-0.017453293	107.3
-0.019198622	107.333
-0.020943951	107.367
-0.02443461	107.4
-0.02443461	107.433
-0.026179939	107.467
-0.027925268	107.5
-0.027925268	107.533
-0.029670597	107.567
-0.029670597	107.6
-0.029670597	107.633
-0.029670597	107.667
-0.029670597	107.7
-0.031415927	107.733
-0.029670597	107.767
-0.029670597	107.8
-0.027925268	107.833
-0.027925268	107.867
-0.026179939	107.9
-0.02443461	107.933
-0.02268928	107.967
-0.019198622	108
-0.019198622	108.033
-0.015707963	108.067
-0.013962634	108.1
-0.012217305	108.133
-0.010471976	108.167
-0.008726646	108.2
-0.006981317	108.233
-0.005235988	108.267
-0.003490659	108.3
-0.003490659	108.333
-0.001745329	108.367
-0.001745329	108.4
-0.001745329	108.433
0	108.467
0	108.5
0	108.533
0	108.567
-0.001745329	108.6
-0.003490659	108.633
-0.003490659	108.667
-0.005235988	108.7
-0.006981317	108.733
-0.008726646	108.767
-0.010471976	108.8
-0.013962634	108.833
-0.013962634	108.867
-0.015707963	108.9
-0.017453293	108.933
-0.020943951	108.967
-0.02268928	109
-0.02268928	109.033
-0.02443461	109.067
-0.026179939	109.1
-0.027925268	109.133
-0.027925268	109.167
-0.027925268	109.2
-0.029670597	109.233
-0.029670597	109.267
-0.031415927	109.3
-0.031415927	109.333
-0.029670597	109.367
-0.031415927	109.4
-0.029670597	109.433
-0.027925268	109.467
-0.027925268	109.5
-0.026179939	109.533
-0.02443461	109.567
-0.02268928	109.6
-0.020943951	109.633
-0.019198622	109.667
-0.017453293	109.7
-0.013962634	109.733
-0.013962634	109.767
-0.010471976	109.8
-0.008726646	109.833
-0.006981317	109.867
-0.006981317	109.9
-0.005235988	109.933
-0.003490659	109.967
-0.003490659	110
-0.001745329	110.033
0	110.067
0	110.1
0	110.133
0	110.167
0	110.2
-0.001745329	110.233
-0.001745329	110.267
-0.003490659	110.3
-0.005235988	110.333
-0.005235988	110.367
-0.006981317	110.4
-0.010471976	110.433
-0.012217305	110.467
-0.013962634	110.5
-0.015707963	110.533
-0.015707963	110.567
-0.019198622	110.6
-0.020943951	110.633
-0.020943951	110.667
-0.02268928	110.7
-0.02443461	110.733
-0.026179939	110.767
-0.027925268	110.8
-0.027925268	110.833
-0.027925268	110.867
-0.029670597	110.9
-0.029670597	110.933
-0.029670597	110.967
-0.029670597	111
-0.029670597	111.033
-0.029670597	111.067
-0.027925268	111.1
-0.026179939	111.133
-0.02443461	111.167
-0.02268928	111.2
-0.02268928	111.233
-0.020943951	111.267
-0.019198622	111.3
-0.017453293	111.333
-0.013962634	111.367
-0.012217305	111.4
-0.010471976	111.433
-0.008726646	111.467
-0.006981317	111.5
-0.006981317	111.533
-0.005235988	111.567
-0.003490659	111.6
-0.001745329	111.633
-0.001745329	111.667
-0.001745329	111.7
-0.001745329	111.733
0	111.767
-0.001745329	111.8
-0.001745329	111.833
-0.001745329	111.867
-0.003490659	111.9
-0.003490659	111.933
-0.005235988	111.967
-0.006981317	112
-0.008726646	112.033
-0.010471976	112.067
-0.012217305	112.1
-0.013962634	112.133
-0.015707963	112.167
-0.015707963	112.2
-0.019198622	112.233
-0.020943951	112.267
-0.02268928	112.3
-0.02443461	112.333
-0.02443461	112.367
-0.026179939	112.4
-0.026179939	112.433
-0.027925268	112.467
-0.027925268	112.5
-0.029670597	112.533
-0.029670597	112.567
-0.029670597	112.6
-0.029670597	112.633
-0.029670597	112.667
-0.027925268	112.7
-0.027925268	112.733
-0.026179939	112.767
-0.026179939	112.8
-0.02443461	112.833
-0.02268928	112.867
-0.020943951	112.9
-0.019198622	112.933
-0.017453293	112.967
-0.015707963	113
-0.013962634	113.033
-0.012217305	113.067
-0.010471976	113.1
-0.008726646	113.133
-0.006981317	113.167
-0.005235988	113.2
-0.003490659	113.233
-0.003490659	113.267
-0.003490659	113.3
-0.001745329	113.333
-0.001745329	113.367
-0.001745329	113.4
-0.001745329	113.433
-0.001745329	113.467
-0.003490659	113.5
-0.003490659	113.533
-0.005235988	113.567
-0.005235988	113.6
-0.006981317	113.633
-0.008726646	113.667
-0.010471976	113.7
-0.012217305	113.733
-0.013962634	113.767
-0.015707963	113.8
-0.017453293	113.833
-0.019198622	113.867
-0.019198622	113.9
-0.02268928	113.933
-0.02268928	113.967
-0.02443461	114
-0.026179939	114.033
-0.027925268	114.067
-0.027925268	114.1
-0.027925268	114.133
-0.027925268	114.167
-0.029670597	114.2
-0.029670597	114.233
-0.029670597	114.267
-0.027925268	114.3
-0.027925268	114.333
-0.027925268	114.367
-0.026179939	114.4
-0.02443461	114.433
-0.02443461	114.467
-0.02268928	114.5
-0.020943951	114.533
-0.019198622	114.567
-0.017453293	114.6
-0.015707963	114.633
-0.013962634	114.667
-0.012217305	114.7
-0.010471976	114.733
-0.008726646	114.767
-0.006981317	114.8
-0.005235988	114.833
-0.003490659	114.867
-0.003490659	114.9
-0.003490659	114.933
-0.001745329	114.967
-0.001745329	115
-0.001745329	115.033
-0.001745329	115.067
-0.001745329	115.1
-0.003490659	115.133
-0.003490659	115.167
-0.005235988	115.2
-0.006981317	115.233
-0.006981317	115.267
-0.008726646	115.3
-0.010471976	115.333
-0.012217305	115.367
-0.013962634	115.4
-0.015707963	115.433
-0.015707963	115.467
-0.019198622	115.5
-0.020943951	115.533
-0.020943951	115.567
-0.02268928	115.6
-0.02268928	115.633
-0.031415927	115.667
-0.031415927	115.7
-0.033161256	115.733
-0.033161256	115.767
-0.033161256	115.8
-0.033161256	115.833
-0.033161256	115.867
-0.033161256	115.9
-0.033161256	115.933
-0.033161256	115.967
-0.031415927	116
-0.031415927	116.033
-0.029670597	116.067
-0.029670597	116.1
-0.020943951	116.133
-0.020943951	116.167
-0.019198622	116.2
-0.017453293	116.233
-0.015707963	116.267
-0.013962634	116.3
-0.012217305	116.333
-0.010471976	116.367
-0.008726646	116.4
-0.006981317	116.433
-0.006981317	116.467
-0.005235988	116.5
-0.005235988	116.533
-0.003490659	116.567
-0.003490659	116.6
-0.001745329	116.633
-0.001745329	116.667
-0.001745329	116.7
-0.001745329	116.733
-0.003490659	116.767
-0.003490659	116.8
-0.005235988	116.833
-0.005235988	116.867
-0.006981317	116.9
-0.008726646	116.933
-0.008726646	116.967
-0.010471976	117
-0.012217305	117.033
-0.015707963	117.067
-0.017453293	117.1
-0.019198622	117.133
-0.019198622	117.167
-0.020943951	117.2
-0.02268928	117.233
-0.02268928	117.267
-0.02443461	117.3
-0.02443461	117.333
-0.026179939	117.367
-0.026179939	117.4
-0.026179939	117.433
-0.026179939	117.467
-0.026179939	117.5
-0.026179939	117.533
-0.027925268	117.567
-0.026179939	117.6
-0.026179939	117.633
-0.02443461	117.667
-0.02268928	117.7
-0.02268928	117.733
-0.020943951	117.767
-0.019198622	117.8
-0.017453293	117.833
-0.015707963	117.867
-0.013962634	117.9
-0.012217305	117.933
-0.010471976	117.967
-0.010471976	118
-0.008726646	118.033
-0.006981317	118.067
-0.005235988	118.1
-0.005235988	118.133
-0.003490659	118.167
-0.003490659	118.2
-0.001745329	118.233
-0.001745329	118.267
-0.001745329	118.3
-0.001745329	118.333
-0.001745329	118.367
-0.003490659	118.4
-0.003490659	118.433
-0.005235988	118.467
-0.005235988	118.5
-0.006981317	118.533
-0.008726646	118.567
-0.008726646	118.6
-0.010471976	118.633
-0.012217305	118.667
-0.013962634	118.7
-0.015707963	118.733
-0.015707963	118.767
-0.019198622	118.8
-0.020943951	118.833
-0.02268928	118.867
-0.02268928	118.9
-0.02443461	118.933
-0.02443461	118.967
-0.026179939	119
-0.026179939	119.033
-0.027925268	119.067
-0.027925268	119.1
-0.027925268	119.133
-0.027925268	119.167
-0.027925268	119.2
-0.026179939	119.233
-0.026179939	119.267
-0.02443461	119.3
-0.02443461	119.333
-0.02268928	119.367
-0.02268928	119.4
-0.020943951	119.433
-0.019198622	119.467
-0.017453293	119.5
-0.015707963	119.533
-0.013962634	119.567
-0.012217305	119.6
-0.010471976	119.633
-0.008726646	119.667
-0.008726646	119.7
-0.006981317	119.733
-0.005235988	119.767
-0.005235988	119.8
-0.003490659	119.833
-0.003490659	119.867
-0.003490659	119.9
-0.001745329	119.933
-0.001745329	119.967
-0.001745329	120
-0.003490659	120.033
-0.003490659	120.067
-0.005235988	120.1
-0.005235988	120.133
-0.006981317	120.167
-0.006981317	120.2
-0.008726646	120.233
-0.010471976	120.267
-0.012217305	120.3
-0.013962634	120.333
-0.015707963	120.367
-0.017453293	120.4
-0.019198622	120.433
-0.019198622	120.467
-0.020943951	120.5
-0.02268928	120.533
-0.02268928	120.567
-0.02443461	120.6
-0.026179939	120.633
-0.026179939	120.667
-0.027925268	120.7
-0.027925268	120.733
-0.027925268	120.767
-0.026179939	120.8
-0.026179939	120.833
-0.026179939	120.867
-0.02443461	120.9
-0.02443461	120.933
-0.02443461	120.967
-0.02268928	121
-0.020943951	121.033
-0.020943951	121.067
-0.017453293	121.1
-0.015707963	121.133
-0.015707963	121.167
-0.012217305	121.2
-0.012217305	121.233
-0.010471976	121.267
-0.008726646	121.3
-0.008726646	121.333
-0.006981317	121.367
-0.005235988	121.4
-0.005235988	121.433
-0.003490659	121.467
-0.003490659	121.5
-0.003490659	121.533
-0.001745329	121.567
-0.003490659	121.6
-0.003490659	121.633
-0.003490659	121.667
-0.003490659	121.7
-0.005235988	121.733
-0.006981317	121.767
-0.006981317	121.8
-0.008726646	121.833
-0.010471976	121.867
-0.012217305	121.9
-0.013962634	121.933
-0.013962634	121.967
-0.015707963	122
-0.015707963	122.033
-0.017453293	122.067
-0.019198622	122.1
-0.020943951	122.133
-0.02268928	122.167
-0.02443461	122.2
-0.02443461	122.233
-0.026179939	122.267
-0.026179939	122.3
-0.026179939	122.333
-0.026179939	122.367
-0.026179939	122.4
-0.026179939	122.433
-0.026179939	122.467
-0.026179939	122.5
-0.02443461	122.533
-0.02443461	122.567
-0.02443461	122.6
-0.02268928	122.633
-0.020943951	122.667
-0.020943951	122.7
-0.019198622	122.733
-0.017453293	122.767
-0.015707963	122.8
-0.013962634	122.833
-0.012217305	122.867
-0.010471976	122.9
-0.008726646	122.933
-0.008726646	122.967
-0.006981317	123
-0.005235988	123.033
-0.005235988	123.067
-0.003490659	123.1
-0.003490659	123.133
-0.003490659	123.167
-0.003490659	123.2
-0.001745329	123.233
-0.001745329	123.267
-0.003490659	123.3
-0.003490659	123.333
-0.005235988	123.367
-0.005235988	123.4
-0.006981317	123.433
-0.008726646	123.467
-0.010471976	123.5
-0.010471976	123.533
-0.012217305	123.567
-0.013962634	123.6
-0.015707963	123.633
-0.017453293	123.667
-0.019198622	123.7
-0.019198622	123.733
-0.020943951	123.767
-0.02268928	123.8
-0.02268928	123.833
-0.02443461	123.867
-0.026179939	123.9
-0.026179939	123.933
-0.027925268	123.967
-0.027925268	124
-0.027925268	124.033
-0.027925268	124.067
-0.027925268	124.1
-0.026179939	124.133
-0.026179939	124.167
-0.02443461	124.2
-0.02443461	124.233
-0.02268928	124.267
-0.020943951	124.3
-0.020943951	124.333
-0.019198622	124.367
-0.015707963	124.4
-0.015707963	124.433
-0.013962634	124.467
-0.012217305	124.5
-0.010471976	124.533
-0.008726646	124.567
-0.008726646	124.6
-0.006981317	124.633
-0.005235988	124.667
-0.005235988	124.7
-0.003490659	124.733
-0.003490659	124.767
-0.003490659	124.8
-0.003490659	124.833
-0.003490659	124.867
-0.003490659	124.9
-0.003490659	124.933
-0.005235988	124.967
-0.005235988	125
-0.005235988	125.033
-0.006981317	125.067
-0.008726646	125.1
-0.008726646	125.133
-0.010471976	125.167
-0.012217305	125.2
-0.013962634	125.233
-0.015707963	125.267
-0.015707963	125.3
-0.017453293	125.333
-0.019198622	125.367
-0.020943951	125.4
-0.02268928	125.433
-0.02268928	125.467
-0.02268928	125.5
-0.02443461	125.533
-0.026179939	125.567
-0.026179939	125.6
-0.026179939	125.633
-0.026179939	125.667
-0.026179939	125.7
-0.026179939	125.733
-0.02443461	125.767
-0.02443461	125.8
-0.02443461	125.833
-0.02268928	125.867
-0.02268928	125.9
-0.02268928	125.933
-0.020943951	125.967
-0.017453293	126
-0.017453293	126.033
-0.015707963	126.067
-0.013962634	126.1
-0.012217305	126.133
-0.010471976	126.167
-0.010471976	126.2
-0.008726646	126.233
-0.006981317	126.267
-0.006981317	126.3
-0.005235988	126.333
-0.003490659	126.367
-0.003490659	126.4
-0.003490659	126.433
-0.003490659	126.467
-0.003490659	126.5
-0.003490659	126.533
-0.003490659	126.567
-0.005235988	126.6
-0.005235988	126.633
-0.006981317	126.667
-0.006981317	126.7
-0.008726646	126.733
-0.010471976	126.767
-0.012217305	126.8
-0.013962634	126.833
-0.013962634	126.867
-0.015707963	126.9
-0.017453293	126.933
-0.019198622	126.967
-0.019198622	127
-0.020943951	127.033
-0.02268928	127.067
-0.02443461	127.1
-0.02443461	127.133
-0.026179939	127.167
-0.026179939	127.2
-0.026179939	127.233
-0.026179939	127.267
-0.026179939	127.3
-0.026179939	127.333
-0.026179939	127.367
-0.026179939	127.4
-0.02443461	127.433
-0.02443461	127.467
-0.02443461	127.5
-0.020943951	127.533
-0.019198622	127.567
-0.019198622	127.6
-0.017453293	127.633
-0.017453293	127.667
-0.015707963	127.7
-0.013962634	127.733
-0.012217305	127.767
-0.010471976	127.8
-0.008726646	127.833
-0.008726646	127.867
-0.006981317	127.9
-0.006981317	127.933
-0.005235988	127.967
-0.005235988	128
-0.005235988	128.033
-0.003490659	128.067
-0.003490659	128.1
-0.003490659	128.133
-0.003490659	128.167
-0.003490659	128.2
-0.005235988	128.233
-0.005235988	128.267
-0.006981317	128.3
-0.008726646	128.333
-0.008726646	128.367
-0.010471976	128.4
-0.012217305	128.433
-0.012217305	128.467
-0.013962634	128.5
-0.015707963	128.533
-0.017453293	128.567
-0.019198622	128.6
-0.020943951	128.633
-0.020943951	128.667
-0.02268928	128.7
-0.02268928	128.733
-0.02443461	128.767
-0.026179939	128.8
-0.026179939	128.833
-0.026179939	128.867
-0.026179939	128.9
-0.026179939	128.933
-0.026179939	128.967
-0.026179939	129
-0.026179939	129.033
-0.026179939	129.067
-0.02443461	129.1
-0.02268928	129.133
-0.02268928	129.167
-0.020943951	129.2
-0.019198622	129.233
-0.017453293	129.267
-0.017453293	129.3
-0.015707963	129.333
-0.013962634	129.367
-0.012217305	129.4
-0.010471976	129.433
-0.010471976	129.467
-0.008726646	129.5
-0.008726646	129.533
-0.006981317	129.567
-0.005235988	129.6
-0.005235988	129.633
-0.005235988	129.667
-0.003490659	129.7
-0.003490659	129.733
-0.003490659	129.767
-0.003490659	129.8
-0.005235988	129.833
-0.005235988	129.867
-0.005235988	129.9
-0.006981317	129.933
-0.006981317	129.967
-0.008726646	130
-0.010471976	130.033
-0.012217305	130.067
-0.012217305	130.1
-0.013962634	130.133
-0.015707963	130.167
-0.015707963	130.2
-0.017453293	130.233
-0.017453293	130.267
-0.020943951	130.3
-0.020943951	130.333
-0.02268928	130.367
-0.02443461	130.4
-0.02443461	130.433
-0.02443461	130.467
-0.026179939	130.5
-0.026179939	130.533
-0.026179939	130.567
-0.026179939	130.6
-0.026179939	130.633
-0.026179939	130.667
-0.02443461	130.7
-0.02268928	130.733
-0.02268928	130.767
-0.020943951	130.8
-0.020943951	130.833
-0.019198622	130.867
-0.017453293	130.9
-0.015707963	130.933
-0.013962634	130.967
-0.013962634	131
-0.012217305	131.033
-0.010471976	131.067
-0.008726646	131.1
-0.008726646	131.133
-0.006981317	131.167
-0.005235988	131.2
-0.005235988	131.233
-0.005235988	131.267
-0.003490659	131.3
-0.003490659	131.333
-0.003490659	131.367
-0.003490659	131.4
-0.003490659	131.433
-0.005235988	131.467
-0.005235988	131.5
-0.005235988	131.533
-0.006981317	131.567
-0.006981317	131.6
-0.008726646	131.633
-0.010471976	131.667
-0.012217305	131.7
-0.012217305	131.733
-0.012217305	131.767
-0.015707963	131.8
-0.017453293	131.833
-0.017453293	131.867
-0.020943951	131.9
-0.020943951	131.933
-0.02268928	131.967
-0.02268928	132
-0.02443461	132.033
-0.026179939	132.067
-0.026179939	132.1
-0.026179939	132.133
-0.026179939	132.167
-0.026179939	132.2
-0.026179939	132.233
-0.026179939	132.267
-0.026179939	132.3
-0.02443461	132.333
-0.02443461	132.367
-0.02268928	132.4
-0.020943951	132.433
-0.019198622	132.467
-0.019198622	132.5
-0.017453293	132.533
-0.015707963	132.567
-0.013962634	132.6
-0.013962634	132.633
-0.012217305	132.667
-0.010471976	132.7
-0.008726646	132.733
-0.008726646	132.767
-0.006981317	132.8
-0.005235988	132.833
-0.005235988	132.867
-0.003490659	132.9
-0.003490659	132.933
-0.003490659	132.967
-0.003490659	133
-0.003490659	133.033
-0.003490659	133.067
-0.003490659	133.1
-0.005235988	133.133
-0.005235988	133.167
-0.005235988	133.2
-0.006981317	133.233
-0.006981317	133.267
-0.008726646	133.3
-0.010471976	133.333
-0.012217305	133.367
-0.013962634	133.4
-0.015707963	133.433
-0.015707963	133.467
-0.017453293	133.5
-0.019198622	133.533
-0.020943951	133.567
-0.020943951	133.6
-0.02268928	133.633
-0.02268928	133.667
-0.02268928	133.7
-0.02443461	133.733
-0.02443461	133.767
-0.02443461	133.8
-0.026179939	133.833
-0.026179939	133.867
-0.02443461	133.9
-0.02443461	133.933
-0.02443461	133.967
-0.02268928	134
-0.02268928	134.033
-0.020943951	134.067
-0.020943951	134.1
-0.019198622	134.133
-0.017453293	134.167
-0.015707963	134.2
-0.015707963	134.233
-0.013962634	134.267
-0.012217305	134.3
-0.010471976	134.333
-0.010471976	134.367
-0.008726646	134.4
-0.006981317	134.433
-0.006981317	134.467
-0.005235988	134.5
-0.005235988	134.533
-0.003490659	134.567
-0.003490659	134.6
-0.003490659	134.633
-0.003490659	134.667
-0.005235988	134.7
-0.005235988	134.733
-0.005235988	134.767
-0.005235988	134.8
-0.005235988	134.833
-0.006981317	134.867
-0.008726646	134.9
-0.008726646	134.933
-0.010471976	134.967
-0.012217305	135
-0.013962634	135.033
-0.015707963	135.067
-0.015707963	135.1
-0.017453293	135.133
-0.019198622	135.167
-0.020943951	135.2
-0.020943951	135.233
-0.02268928	135.267
-0.02443461	135.3
-0.02443461	135.333
-0.02443461	135.367
-0.02443461	135.4
-0.026179939	135.433
-0.026179939	135.467
-0.026179939	135.5
-0.026179939	135.533
-0.02443461	135.567
-0.02443461	135.6
-0.02268928	135.633
-0.02268928	135.667
-0.020943951	135.7
-0.020943951	135.733
-0.019198622	135.767
-0.017453293	135.8
-0.015707963	135.833
-0.015707963	135.867
-0.013962634	135.9
-0.012217305	135.933
-0.010471976	135.967
-0.010471976	136
-0.008726646	136.033
-0.008726646	136.067
-0.006981317	136.1
-0.005235988	136.133
-0.005235988	136.167
-0.003490659	136.2
-0.003490659	136.233
-0.003490659	136.267
-0.003490659	136.3
-0.003490659	136.333
-0.005235988	136.367
-0.005235988	136.4
-0.005235988	136.433
-0.006981317	136.467
-0.006981317	136.5
-0.008726646	136.533
-0.010471976	136.567
-0.010471976	136.6
-0.012217305	136.633
-0.013962634	136.667
-0.015707963	136.7
-0.017453293	136.733
-0.017453293	136.767
-0.019198622	136.8
-0.020943951	136.833
-0.020943951	136.867
-0.02268928	136.9
-0.02268928	136.933
-0.02443461	136.967
-0.02443461	137
-0.02443461	137.033
-0.02443461	137.067
-0.02443461	137.1
-0.026179939	137.133
-0.02443461	137.167
-0.02443461	137.2
-0.02268928	137.233
-0.02268928	137.267
-0.020943951	137.3
-0.020943951	137.333
-0.019198622	137.367
-0.019198622	137.4
-0.017453293	137.433
-0.015707963	137.467
-0.013962634	137.5
-0.012217305	137.533
-0.012217305	137.567
-0.010471976	137.6
-0.008726646	137.633
-0.008726646	137.667
-0.006981317	137.7
-0.006981317	137.733
-0.005235988	137.767
-0.005235988	137.8
-0.003490659	137.833
-0.003490659	137.867
-0.003490659	137.9
-0.003490659	137.933
-0.003490659	137.967
-0.005235988	138
-0.005235988	138.033
-0.006981317	138.067
-0.006981317	138.1
-0.006981317	138.133
-0.008726646	138.167
-0.010471976	138.2
-0.010471976	138.233
-0.012217305	138.267
-0.013962634	138.3
-0.015707963	138.333
-0.015707963	138.367
-0.017453293	138.4
-0.019198622	138.433
-0.019198622	138.467
-0.020943951	138.5
-0.02268928	138.533
-0.02268928	138.567
-0.02443461	138.6
-0.02443461	138.633
-0.02443461	138.667
-0.02443461	138.7
-0.026179939	138.733
-0.02443461	138.767
-0.02443461	138.8
-0.02443461	138.833
-0.02443461	138.867
-0.02443461	138.9
-0.02268928	138.933
-0.02268928	138.967
-0.019198622	139
-0.019198622	139.033
-0.019198622	139.067
-0.017453293	139.1
-0.013962634	139.133
-0.013962634	139.167
-0.012217305	139.2
-0.012217305	139.233
-0.010471976	139.267
-0.008726646	139.3
-0.006981317	139.333
-0.006981317	139.367
-0.006981317	139.4
-0.005235988	139.433
-0.005235988	139.467
-0.005235988	139.5
-0.005235988	139.533
-0.005235988	139.567
-0.005235988	139.6
-0.005235988	139.633
-0.006981317	139.667
-0.006981317	139.7
-0.008726646	139.733
-0.008726646	139.767
-0.010471976	139.8
-0.012217305	139.833
-0.012217305	139.867
-0.013962634	139.9
-0.013962634	139.933
-0.015707963	139.967
-0.019198622	140
-0.019198622	140.033
-0.020943951	140.067
-0.020943951	140.1
-0.02268928	140.133
-0.02268928	140.167
-0.02268928	140.2
-0.02443461	140.233
-0.02443461	140.267
-0.02443461	140.3
-0.02443461	140.333
-0.02443461	140.367
-0.02443461	140.4
-0.02443461	140.433
-0.02443461	140.467
-0.02268928	140.5
-0.02268928	140.533
-0.020943951	140.567
-0.020943951	140.6
-0.020943951	140.633
-0.019198622	140.667
-0.017453293	140.7
-0.015707963	140.733
-0.013962634	140.767
-0.013962634	140.8
-0.012217305	140.833
-0.010471976	140.867
-0.010471976	140.9
-0.008726646	140.933
-0.008726646	140.967
-0.006981317	141
-0.006981317	141.033
-0.005235988	141.067
-0.005235988	141.1
-0.005235988	141.133
-0.005235988	141.167
-0.005235988	141.2
-0.005235988	141.233
-0.005235988	141.267
-0.006981317	141.3
-0.006981317	141.333
-0.008726646	141.367
-0.008726646	141.4
-0.010471976	141.433
-0.012217305	141.467
-0.012217305	141.5
-0.013962634	141.533
-0.015707963	141.567
-0.015707963	141.6
-0.019198622	141.633
-0.019198622	141.667
-0.019198622	141.7
-0.02268928	141.733
-0.02268928	141.767
-0.02268928	141.8
-0.02268928	141.833
-0.02443461	141.867
-0.026179939	141.9
-0.026179939	141.933
-0.026179939	141.967
-0.026179939	142
-0.026179939	142.033
-0.026179939	142.067
-0.02443461	142.1
-0.02443461	142.133
-0.02443461	142.167
-0.02268928	142.2
-0.020943951	142.233
-0.020943951	142.267
-0.019198622	142.3
-0.017453293	142.333
-0.015707963	142.367
-0.015707963	142.4
-0.013962634	142.433
-0.012217305	142.467
-0.012217305	142.5
-0.010471976	142.533
-0.008726646	142.567
-0.008726646	142.6
-0.006981317	142.633
-0.006981317	142.667
-0.005235988	142.7
-0.005235988	142.733
-0.005235988	142.767
-0.005235988	142.8
-0.005235988	142.833
-0.005235988	142.867
-0.006981317	142.9
-0.006981317	142.933
-0.006981317	142.967
-0.008726646	143
-0.008726646	143.033
-0.010471976	143.067
-0.012217305	143.1
-0.013962634	143.133
-0.013962634	143.167
-0.015707963	143.2
-0.017453293	143.233
-0.017453293	143.267
-0.020943951	143.3
-0.020943951	143.333
-0.02268928	143.367
-0.02268928	143.4
-0.02443461	143.433
-0.026179939	143.467
-0.026179939	143.5
-0.026179939	143.533
-0.026179939	143.567
-0.026179939	143.6
-0.026179939	143.633
-0.026179939	143.667
-0.026179939	143.7
-0.02443461	143.733
-0.02443461	143.767
-0.02443461	143.8
-0.02268928	143.833
-0.020943951	143.867
-0.020943951	143.9
-0.019198622	143.933
-0.017453293	143.967
-0.015707963	144
-0.013962634	144.033
-0.013962634	144.067
-0.012217305	144.1
-0.010471976	144.133
-0.010471976	144.167
-0.008726646	144.2
-0.006981317	144.233
-0.006981317	144.267
-0.005235988	144.3
-0.005235988	144.333
-0.005235988	144.367
-0.005235988	144.4
-0.005235988	144.433
-0.005235988	144.467
-0.005235988	144.5
-0.005235988	144.533
-0.006981317	144.567
-0.006981317	144.6
-0.008726646	144.633
-0.008726646	144.667
-0.010471976	144.7
-0.010471976	144.733
-0.012217305	144.767
-0.013962634	144.8
-0.015707963	144.833
-0.015707963	144.867
-0.017453293	144.9
-0.019198622	144.933
-0.019198622	144.967
-0.020943951	145
-0.02268928	145.033
-0.02443461	145.067
-0.02443461	145.1
-0.02443461	145.133
-0.026179939	145.167
-0.026179939	145.2
-0.026179939	145.233
-0.026179939	145.267
-0.026179939	145.3
-0.026179939	145.333
-0.02443461	145.367
-0.02443461	145.4
-0.02443461	145.433
-0.02268928	145.467
-0.02268928	145.5
-0.020943951	145.533
-0.019198622	145.567
-0.017453293	145.6
-0.017453293	145.633
-0.015707963	145.667
-0.013962634	145.7
-0.012217305	145.733
-0.012217305	145.767
-0.010471976	145.8
-0.008726646	145.833
-0.008726646	145.867
-0.006981317	145.9
-0.006981317	145.933
-0.005235988	145.967
-0.005235988	146
-0.005235988	146.033
-0.005235988	146.067
-0.005235988	146.1
-0.005235988	146.133
-0.006981317	146.167
-0.006981317	146.2
-0.008726646	146.233
-0.008726646	146.267
-0.008726646	146.3
-0.010471976	146.333
-0.012217305	146.367
-0.012217305	146.4
-0.013962634	146.433
-0.015707963	146.467
-0.017453293	146.5
-0.017453293	146.533
-0.019198622	146.567
-0.020943951	146.6
-0.020943951	146.633
-0.02268928	146.667
-0.02268928	146.7
-0.02443461	146.733
-0.02443461	146.767
-0.02443461	146.8
-0.02443461	146.833
-0.02443461	146.867
-0.02443461	146.9
-0.026179939	146.933
-0.02443461	146.967
-0.02443461	147
-0.02443461	147.033
-0.02268928	147.067
-0.02268928	147.1
-0.020943951	147.133
-0.019198622	147.167
-0.019198622	147.2
-0.017453293	147.233
-0.015707963	147.267
-0.015707963	147.3
-0.013962634	147.333
-0.012217305	147.367
-0.010471976	147.4
-0.010471976	147.433
-0.010471976	147.467
-0.008726646	147.5
-0.006981317	147.533
-0.006981317	147.567
-0.006981317	147.6
-0.005235988	147.633
-0.005235988	147.667
-0.005235988	147.7
-0.005235988	147.733
-0.005235988	147.767
-0.006981317	147.8
-0.006981317	147.833
-0.006981317	147.867
-0.008726646	147.9
-0.008726646	147.933
-0.010471976	147.967
-0.012217305	148
-0.012217305	148.033
-0.013962634	148.067
-0.013962634	148.1
-0.015707963	148.133
-0.017453293	148.167
-0.017453293	148.2
-0.019198622	148.233
-0.020943951	148.267
-0.020943951	148.3
-0.02268928	148.333
-0.02268928	148.367
-0.02443461	148.4
-0.02443461	148.433
-0.02443461	148.467
-0.02443461	148.5
-0.02443461	148.533
-0.02443461	148.567
-0.02443461	148.6
-0.02443461	148.633
-0.02443461	148.667
-0.02268928	148.7
-0.02268928	148.733
-0.020943951	148.767
-0.019198622	148.8
-0.017453293	148.833
-0.017453293	148.867
-0.015707963	148.9
-0.013962634	148.933
-0.012217305	148.967
-0.012217305	149
-0.010471976	149.033
-0.010471976	149.067
-0.008726646	149.1
-0.006981317	149.133
-0.006981317	149.167
-0.006981317	149.2
-0.006981317	149.233
-0.005235988	149.267
-0.005235988	149.3
-0.005235988	149.333
-0.005235988	149.367
-0.005235988	149.4
-0.006981317	149.433
-0.006981317	149.467
-0.008726646	149.5
-0.008726646	149.533
-0.008726646	149.567
-0.010471976	149.6
-0.010471976	149.633
-0.012217305	149.667
-0.013962634	149.7
-0.013962634	149.733
-0.015707963	149.767
-0.017453293	149.8
-0.019198622	149.833
-0.019198622	149.867
-0.019198622	149.9
-0.020943951	149.933
-0.020943951	149.967
-0.02268928	150
-0.02268928	150.033
-0.02268928	150.067
-0.02443461	150.1
-0.02443461	150.133
-0.02443461	150.167
-0.02443461	150.2
-0.02443461	150.233
-0.020943951	150.267
-0.020943951	150.3
-0.020943951	150.333
-0.019198622	150.367
-0.019198622	150.4
-0.019198622	150.433
-0.017453293	150.467
-0.015707963	150.5
-0.013962634	150.533
-0.013962634	150.567
-0.012217305	150.6
-0.012217305	150.633
-0.010471976	150.667
-0.010471976	150.7
-0.008726646	150.733
-0.008726646	150.767
-0.006981317	150.8
-0.006981317	150.833
-0.006981317	150.867
-0.005235988	150.9
-0.005235988	150.933
-0.005235988	150.967
-0.005235988	151
-0.005235988	151.033
-0.006981317	151.067
-0.006981317	151.1
-0.006981317	151.133
-0.008726646	151.167
-0.008726646	151.2
-0.010471976	151.233
-0.012217305	151.267
-0.012217305	151.3
-0.013962634	151.333
-0.015707963	151.367
-0.015707963	151.4
-0.017453293	151.433
-0.019198622	151.467
-0.020943951	151.5
-0.020943951	151.533
-0.020943951	151.567
-0.02268928	151.6
-0.02268928	151.633
-0.02268928	151.667
-0.02443461	151.7
-0.02443461	151.733
-0.02443461	151.767
-0.02443461	151.8
-0.02443461	151.833
-0.02443461	151.867
-0.02268928	151.9
-0.02268928	151.933
-0.02268928	151.967
-0.020943951	152
-0.020943951	152.033
-0.019198622	152.067
-0.017453293	152.1
-0.017453293	152.133
-0.017453293	152.167
-0.015707963	152.2
-0.013962634	152.233
-0.012217305	152.267
-0.012217305	152.3
-0.010471976	152.333
-0.008726646	152.367
-0.008726646	152.4
-0.006981317	152.433
-0.006981317	152.467
-0.006981317	152.5
-0.005235988	152.533
-0.005235988	152.567
-0.005235988	152.6
-0.005235988	152.633
-0.006981317	152.667
-0.006981317	152.7
-0.006981317	152.733
-0.008726646	152.767
-0.008726646	152.8
-0.010471976	152.833
-0.010471976	152.867
-0.012217305	152.9
-0.013962634	152.933
-0.015707963	152.967
-0.015707963	153
-0.017453293	153.033
-0.019198622	153.067
-0.019198622	153.1
-0.020943951	153.133
-0.020943951	153.167
-0.02268928	153.2
-0.02268928	153.233
-0.02268928	153.267
-0.02443461	153.3
-0.02443461	153.333
-0.02443461	153.367
-0.02443461	153.4
-0.02443461	153.433
-0.02443461	153.467
-0.02443461	153.5
-0.02268928	153.533
-0.02443461	153.567
-0.02268928	153.6
-0.020943951	153.633
-0.020943951	153.667
-0.019198622	153.7
-0.017453293	153.733
-0.017453293	153.767
-0.015707963	153.8
-0.013962634	153.833
-0.013962634	153.867
-0.012217305	153.9
-0.010471976	153.933
-0.010471976	153.967
-0.008726646	154
-0.008726646	154.033
-0.008726646	154.067
-0.006981317	154.1
-0.006981317	154.133
-0.006981317	154.167
-0.006981317	154.2
-0.005235988	154.233
-0.005235988	154.267
-0.006981317	154.3
-0.006981317	154.333
-0.006981317	154.367
-0.006981317	154.4
-0.008726646	154.433
-0.010471976	154.467
-0.010471976	154.5
-0.012217305	154.533
-0.012217305	154.567
-0.013962634	154.6
-0.015707963	154.633
-0.015707963	154.667
-0.017453293	154.7
-0.019198622	154.733
-0.020943951	154.767
-0.020943951	154.8
-0.02268928	154.833
-0.02268928	154.867
-0.02443461	154.9
-0.02443461	154.933
-0.02443461	154.967
-0.02443461	155
-0.02443461	155.033
-0.02443461	155.067
-0.02443461	155.1
-0.02443461	155.133
-0.02443461	155.167
-0.02443461	155.2
-0.02268928	155.233
-0.02268928	155.267
-0.020943951	155.3
-0.019198622	155.333
-0.017453293	155.367
-0.017453293	155.4
-0.015707963	155.433
-0.015707963	155.467
-0.013962634	155.5
-0.012217305	155.533
-0.010471976	155.567
-0.010471976	155.6
-0.008726646	155.633
-0.008726646	155.667
-0.006981317	155.7
-0.006981317	155.733
-0.006981317	155.767
-0.005235988	155.8
-0.005235988	155.833
-0.005235988	155.867
-0.005235988	155.9
-0.005235988	155.933
-0.006981317	155.967
-0.006981317	156
-0.008726646	156.033
-0.008726646	156.067
-0.010471976	156.1
-0.010471976	156.133
-0.012217305	156.167
-0.013962634	156.2
-0.013962634	156.233
-0.015707963	156.267
-0.017453293	156.3
-0.017453293	156.333
-0.019198622	156.367
-0.020943951	156.4
-0.020943951	156.433
-0.02268928	156.467
-0.02268928	156.5
-0.02268928	156.533
-0.02268928	156.567
-0.02268928	156.6
-0.02268928	156.633
-0.02268928	156.667
-0.02443461	156.7
-0.02268928	156.733
-0.02268928	156.767
-0.02268928	156.8
-0.020943951	156.833
-0.020943951	156.867
-0.020943951	156.9
-0.020943951	156.933
-0.019198622	156.967
-0.017453293	157
-0.017453293	157.033
-0.015707963	157.067
-0.015707963	157.1
-0.013962634	157.133
-0.012217305	157.167
-0.012217305	157.2
-0.010471976	157.233
-0.010471976	157.267
-0.008726646	157.3
-0.008726646	157.333
-0.006981317	157.367
-0.006981317	157.4
-0.006981317	157.433
-0.006981317	157.467
-0.006981317	157.5
-0.006981317	157.533
-0.006981317	157.567
-0.006981317	157.6
-0.008726646	157.633
-0.008726646	157.667
-0.008726646	157.7
-0.010471976	157.733
-0.012217305	157.767
-0.012217305	157.8
-0.013962634	157.833
-0.015707963	157.867
-0.015707963	157.9
-0.017453293	157.933
-0.019198622	157.967
-0.019198622	158
-0.020943951	158.033
-0.02268928	158.067
-0.02268928	158.1
-0.02268928	158.133
-0.02443461	158.167
-0.02443461	158.2
-0.02443461	158.233
-0.02443461	158.267
-0.02443461	158.3
-0.02443461	158.333
-0.02443461	158.367
-0.02443461	158.4
-0.02268928	158.433
-0.02268928	158.467
-0.02268928	158.5
-0.020943951	158.533
-0.020943951	158.567
-0.019198622	158.6
-0.019198622	158.633
-0.017453293	158.667
-0.015707963	158.7
-0.013962634	158.733
-0.013962634	158.767
-0.012217305	158.8
-0.010471976	158.833
-0.010471976	158.867
-0.008726646	158.9
-0.008726646	158.933
-0.006981317	158.967
-0.006981317	159
-0.006981317	159.033
-0.005235988	159.067
-0.005235988	159.1
-0.006981317	159.133
-0.006981317	159.167
-0.006981317	159.2
-0.006981317	159.233
-0.006981317	159.267
-0.008726646	159.3
-0.010471976	159.333
-0.010471976	159.367
-0.012217305	159.4
-0.012217305	159.433
-0.013962634	159.467
-0.015707963	159.5
-0.015707963	159.533
-0.017453293	159.567
-0.019198622	159.6
-0.020943951	159.633
-0.020943951	159.667
-0.02268928	159.7
-0.02268928	159.733
-0.02268928	159.767
-0.02443461	159.8
-0.02443461	159.833
-0.026179939	159.867
-0.026179939	159.9
-0.026179939	159.933
-0.026179939	159.967
-0.02443461	160
-0.02443461	160.033
-0.02443461	160.067
-0.02443461	160.1
-0.02268928	160.133
-0.020943951	160.167
-0.020943951	160.2
-0.019198622	160.233
-0.017453293	160.267
-0.017453293	160.3
-0.015707963	160.333
-0.013962634	160.367
-0.013962634	160.4
-0.012217305	160.433
-0.010471976	160.467
-0.010471976	160.5
-0.008726646	160.533
-0.008726646	160.567
-0.006981317	160.6
-0.006981317	160.633
-0.006981317	160.667
-0.006981317	160.7
-0.006981317	160.733
-0.006981317	160.767
-0.006981317	160.8
-0.006981317	160.833
-0.006981317	160.867
-0.008726646	160.9
-0.008726646	160.933
-0.008726646	160.967
-0.010471976	161
-0.012217305	161.033
-0.012217305	161.067
-0.013962634	161.1
-0.013962634	161.133
-0.015707963	161.167
-0.017453293	161.2
-0.017453293	161.233
-0.019198622	161.267
-0.020943951	161.3
-0.020943951	161.333
-0.02268928	161.367
-0.02268928	161.4
-0.02268928	161.433
-0.02268928	161.467
-0.02268928	161.5
-0.02443461	161.533
-0.02443461	161.567
-0.02443461	161.6
-0.02443461	161.633
-0.02268928	161.667
-0.02268928	161.7
-0.02268928	161.733
-0.020943951	161.767
-0.020943951	161.8
-0.019198622	161.833
-0.019198622	161.867
-0.017453293	161.9
-0.017453293	161.933
-0.015707963	161.967
-0.013962634	162
-0.012217305	162.033
-0.012217305	162.067
-0.010471976	162.1
-0.010471976	162.133
-0.008726646	162.167
-0.006981317	162.2
-0.006981317	162.233
-0.006981317	162.267
-0.005235988	162.3
-0.005235988	162.333
-0.005235988	162.367
-0.005235988	162.4
-0.005235988	162.433
-0.006981317	162.467
-0.006981317	162.5
-0.006981317	162.533
-0.008726646	162.567
-0.010471976	162.6
-0.010471976	162.633
-0.012217305	162.667
-0.013962634	162.7
-0.013962634	162.733
-0.015707963	162.767
-0.015707963	162.8
-0.017453293	162.833
-0.019198622	162.867
-0.019198622	162.9
-0.020943951	162.933
-0.020943951	162.967
-0.02268928	163
-0.02268928	163.033
-0.02443461	163.067
-0.02443461	163.1
-0.02443461	163.133
-0.02443461	163.167
-0.02443461	163.2
-0.02443461	163.233
-0.02443461	163.267
-0.02443461	163.3
-0.02268928	163.333
-0.02268928	163.367
-0.02268928	163.4
-0.020943951	163.433
-0.019198622	163.467
-0.019198622	163.5
-0.017453293	163.533
-0.017453293	163.567
-0.015707963	163.6
-0.013962634	163.633
-0.012217305	163.667
-0.012217305	163.7
-0.010471976	163.733
-0.010471976	163.767
-0.008726646	163.8
-0.008726646	163.833
-0.006981317	163.867
-0.006981317	163.9
-0.006981317	163.933
-0.006981317	163.967
-0.005235988	164
-0.006981317	164.033
-0.006981317	164.067
-0.006981317	164.1
-0.006981317	164.133
-0.006981317	164.167
-0.008726646	164.2
-0.010471976	164.233
-0.010471976	164.267
-0.012217305	164.3
-0.012217305	164.333
-0.013962634	164.367
-0.013962634	164.4
-0.015707963	164.433
-0.017453293	164.467
-0.017453293	164.5
-0.020943951	164.533
-0.020943951	164.567
-0.02268928	164.6
-0.02268928	164.633
-0.02443461	164.667
-0.02443461	164.7
-0.02443461	164.733
-0.02443461	164.767
-0.02443461	164.8
-0.02443461	164.833
-0.02443461	164.867
-0.02443461	164.9
-0.02443461	164.933
-0.02443461	164.967
-0.02268928	165
-0.02268928	165.033
-0.020943951	165.067
-0.020943951	165.1
-0.019198622	165.133
-0.017453293	165.167
-0.017453293	165.2
-0.015707963	165.233
-0.013962634	165.267
-0.012217305	165.3
-0.012217305	165.333
-0.010471976	165.367
-0.010471976	165.4
-0.008726646	165.433
-0.008726646	165.467
-0.006981317	165.5
-0.006981317	165.533
-0.006981317	165.567
-0.006981317	165.6
-0.006981317	165.633
-0.006981317	165.667
-0.006981317	165.7
-0.008726646	165.733
-0.008726646	165.767
-0.008726646	165.8
-0.010471976	165.833
-0.010471976	165.867
-0.012217305	165.9
-0.012217305	165.933
-0.013962634	165.967
-0.015707963	166
-0.015707963	166.033
-0.017453293	166.067
-0.019198622	166.1
-0.019198622	166.133
-0.020943951	166.167
-0.02268928	166.2
-0.02268928	166.233
-0.02268928	166.267
-0.02443461	166.3
-0.02443461	166.333
-0.02443461	166.367
-0.026179939	166.4
-0.026179939	166.433
-0.026179939	166.467
-0.026179939	166.5
-0.02443461	166.533
-0.02443461	166.567
-0.02443461	166.6
-0.02268928	166.633
-0.02268928	166.667
-0.020943951	166.7
-0.020943951	166.733
-0.019198622	166.767
-0.019198622	166.8
-0.017453293	166.833
-0.015707963	166.867
-0.015707963	166.9
-0.013962634	166.933
-0.012217305	166.967
-0.012217305	167
-0.010471976	167.033