x	y
0	0.314433282
0.033	0.269148969
0.066	0.240120653
0.1	0.215171172
0.133	0.186076533
0.166	0.150206352
0.2	0.108615679
0.233	0.063544296
0.266	0.017004045
0.3	-0.0295294
0.333	-0.074932046
0.366	-0.118253387
0.4	-0.158650429
0.433	-0.19537844
0.466	-0.227738764
0.5	-0.255013548
0.533	-0.276489475
0.566	-0.291608739
0.599	-0.300041821
0.633	-0.301575267
0.666	-0.29592424
0.699	-0.2828046
0.733	-0.262242352
0.766	-0.234761271
0.799	-0.201229656
0.833	-0.162626813
0.866	-0.119967999
0.899	-0.074399546
0.933	-0.027275656
0.966	0.019979831
0.999	0.066135936
1.033	0.110227142
1.066	0.151364028
1.099	0.188593298
1.133	0.221000571
1.166	0.247775667
1.199	0.26817333
1.233	0.281612365
1.266	0.287851918
1.299	0.286951328
1.332	0.279142725
1.366	0.264796118
1.399	0.244436852
1.432	0.218747351
1.466	0.188493814
1.499	0.154369485
1.532	0.116961844
1.566	0.076835328
1.599	0.034637804
1.632	-0.008798728
1.666	-0.052422884
1.699	-0.09506407
1.732	-0.135552567
1.766	-0.172791785
1.799	-0.205789154
1.832	-0.233670265
1.866	-0.255694052
1.899	-0.271242841
1.932	-0.279831781
1.966	-0.281179698
1.999	-0.275258669
2.032	-0.262248286
2.065	-0.242480687
2.099	-0.216466031
2.132	-0.184937356
2.165	-0.148813579
2.199	-0.109142769
2.232	-0.067068989
2.265	-0.023731591
2.299	0.019904957
2.332	0.063103077
2.365	0.105194834
2.399	0.145354685
2.432	0.182516061
2.465	0.215591796
2.499	0.243796317
2.532	0.266571118
2.565	0.283235522
2.599	0.29297795
2.632	0.295239896
2.665	0.289963766
2.699	0.277512587
2.732	0.258507697
2.765	0.2336385
2.799	0.203526335
2.832	0.168746286
2.865	0.130061587
2.898	0.08846306
2.932	0.044982022
2.965	0.00064647
2.998	-0.043444387
3.032	-0.086162891
3.065	-0.126431476
3.098	-0.163305571
3.132	-0.196036429
3.165	-0.223965711
3.198	-0.24636387
3.232	-0.26249368
3.265	-0.271833111
3.298	-0.27416906
3.332	-0.269540621
3.365	-0.25816474
3.398	-0.240400255
3.432	-0.216746506
3.465	-0.187844551
3.498	-0.154453436
3.532	-0.117380199
3.565	-0.077408319
3.598	-0.035285845
3.631	0.008172853
3.665	0.051931574
3.698	0.094736995
3.731	0.135274536
3.765	0.172264521
3.798	0.204584004
3.831	0.231477783
3.865	0.252531689
3.898	0.267428075
3.931	0.275858015
3.965	0.277622543
3.998	0.272697224
4.031	0.261268808
4.065	0.243729994
4.098	0.220576456
4.131	0.192286414
4.165	0.159331806
4.198	0.122392261
4.231	0.082496827
4.265	0.040814699
4.298	-0.001585981
4.331	-0.043757673
4.365	-0.084796996
4.398	-0.123784859
4.431	-0.159767614
4.464	-0.191812907
4.498	-0.219098686
4.531	-0.240953001
4.564	-0.256851728
4.598	-0.266418227
4.631	-0.26941391
4.664	-0.265739992
4.698	-0.255461923
4.731	-0.238830855
4.764	-0.216270031
4.798	-0.188342319
4.831	-0.155749692
4.864	-0.119348756
4.898	-0.080106075
4.931	-0.039017883
4.964	0.002959031
4.998	0.044946766
5.031	0.086089936
5.064	0.125393006
5.098	0.161637211
5.131	0.193623337
5.164	0.220562494
5.197	0.242084149
5.231	0.257905558
5.264	0.267661949
5.297	0.270981565
5.331	0.267660203
5.364	0.257776404
5.397	0.241682723
5.431	0.219867853
5.464	0.19281874
5.497	0.161077833
5.531	0.125443969
5.564	0.086962775
5.597	0.046657887
5.631	0.005421691
5.664	-0.035861106
5.697	-0.076207358
5.731	-0.114564808
5.764	-0.149934255
5.797	-0.181463802
5.831	-0.208453923
5.864	-0.23033337
5.897	-0.24662567
5.931	-0.256907055
5.964	-0.26082689
5.997	-0.258182367
6.03	-0.248995652
6.064	-0.233559088
6.097	-0.212401683
6.13	-0.186164323
6.164	-0.155496794
6.197	-0.121065636
6.23	-0.083628324
6.264	-0.044072356
6.297	-0.003393793
6.33	0.037378495
6.364	0.077273405
6.397	0.115404312
6.43	0.150880921
6.464	0.182711538
6.497	0.209924712
6.53	0.231826849
6.564	0.248030485
6.597	0.258221463
6.63	0.262099584
6.664	0.259523478
6.697	0.250617063
6.73	0.235732895
6.763	0.215359667
6.797	0.190003524
6.83	0.160153507
6.863	0.126418561
6.897	0.089637841
6.93	0.050768486
6.963	0.010762573
6.997	-0.029403736
7.03	-0.068702617
7.063	-0.106123349
7.097	-0.140746667
7.13	-0.171748078
7.163	-0.198400128
7.197	-0.220123194
7.23	-0.236477453
7.263	-0.247088531
7.297	-0.251636161
7.33	-0.249921201
7.363	-0.241942777
7.397	-0.227934939
7.43	-0.208340825
7.463	-0.183721037
7.497	-0.154683645
7.53	-0.121906536
7.563	-0.086155561
7.596	-0.048249104
7.63	-0.009065415
7.663	0.030443953
7.696	0.069320987
7.73	0.106667019
7.763	0.141566274
7.796	0.172983422
7.83	0.199910013
7.863	0.221672523
7.896	0.237940737
7.93	0.248468563
7.963	0.252997692
7.996	0.251367555
8.03	0.243623529
8.063	0.23005883
8.096	0.211130734
8.13	0.187315717
8.163	0.159054822
8.196	0.126905159
8.23	0.091680749
8.263	0.054314297
8.296	0.015716864
8.329	-0.02316785
8.363	-0.061341167
8.396	-0.097833733
8.429	-0.131754382
8.463	-0.162285601
8.496	-0.188724372
8.529	-0.210526676
8.563	-0.227243614
8.596	-0.238424368
8.629	-0.243635048
8.663	-0.242610889
8.696	-0.235399712
8.729	-0.222361753
8.763	-0.204008046
8.796	-0.180849446
8.829	-0.15337395
8.863	-0.12211423
8.896	-0.087730197
8.929	-0.051045645
8.963	-0.013002179
8.996	0.025426131
9.029	0.063316706
9.063	0.099828819
9.096	0.134108133
9.129	0.165157715
9.162	0.191937349
9.196	0.21365448
9.229	0.229917458
9.262	0.240572693
9.296	0.245504994
9.329	0.244595677
9.362	0.237851725
9.396	0.225458142
9.429	0.207736069
9.462	0.185029335
9.496	0.157741112
9.529	0.126538989
9.562	0.092391971
9.596	0.05629542
9.629	0.019122176
9.662	-0.018279357
9.696	-0.055043321
9.729	-0.090352903
9.762	-0.123434048
9.796	-0.15349909
9.829	-0.179769262
9.862	-0.201549575
9.895	-0.218271749
9.929	-0.229507481
9.962	-0.234974899
9.995	-0.234549039
10.029	-0.22828034
10.062	-0.216388364
10.095	-0.199222876
10.129	-0.177223001
10.162	-0.150909545
10.195	-0.120889882
10.229	-0.087848006
10.262	-0.052542788
10.295	-0.015830311
10.329	0.021336127
10.362	0.057979838
10.395	0.093207389
10.429	0.126233556
10.462	0.156285159
10.495	0.182495117
10.529	0.204008046
10.562	0.220269278
10.595	0.231057158
10.629	0.236273947
10.662	0.235856814
10.695	0.229870334
10.728	0.218537912
10.762	0.202121345
10.795	0.180814365
10.828	0.154910014
10.862	0.125077974
10.895	0.092305752
10.928	0.057560435
10.962	0.021667565
10.995	-0.014555348
11.028	-0.050229529
11.062	-0.084474983
11.095	-0.116485194
11.128	-0.14555278
11.162	-0.171046805
11.195	-0.192367921
11.228	-0.208950469
11.262	-0.220318322
11.295	-0.226143707
11.328	-0.22629782
11.362	-0.220863214
11.395	-0.210058229
11.428	-0.194153393
11.461	-0.173480666
11.495	-0.148507972
11.528	-0.119866595
11.561	-0.088280673
11.595	-0.054489354
11.628	-0.01925552
11.661	0.016582199
11.695	0.052120244
11.728	0.086483159
11.761	0.118865474
11.795	0.148447583
11.828	0.174315632
11.861	0.19557636
11.895	0.211619426
11.928	0.222232774
11.961	0.227473997
11.995	0.227439091
12.028	0.222201358
12.061	0.211863773
12.095	0.196579924
12.128	0.176512129
12.161	0.151935798
12.195	0.123482045
12.228	0.092109228
12.261	0.058770646
12.294	0.024243496
12.328	-0.010739534
12.361	-0.045358838
12.394	-0.078735642
12.428	-0.110008975
12.461	-0.138382444
12.494	-0.163169959
12.528	-0.183825756
12.561	-0.199921357
12.594	-0.211114852
12.628	-0.217154215
12.661	-0.217884635
12.694	-0.213263003
12.728	-0.203375189
12.761	-0.188443723
12.794	-0.168835821
12.828	-0.145053791
12.861	-0.117685108
12.894	-0.087360012
12.928	-0.054760054
12.961	-0.020664349
12.994	0.014027211
13.027	0.048359059
13.061	0.081464639
13.094	0.112648786
13.127	0.141270789
13.161	0.16655869
13.194	0.187631621
13.227	0.20373752
13.261	0.21447304
13.294	0.219810257
13.327	0.219955119
13.361	0.21513801
13.394	0.205477613
13.427	0.190970436
13.461	0.171688039
13.494	0.148047903
13.527	0.120792667
13.561	0.090733036
13.594	0.058626133
13.627	0.025234843
13.661	-0.008622276
13.694	-0.042088789
13.727	-0.074313152
13.761	-0.104503858
13.794	-0.131962076
13.827	-0.156075545
13.86	-0.176290472
13.894	-0.192105598
13.927	-0.203107979
13.96	-0.20903407
13.994	-0.20979259
14.027	-0.205426998
14.06	-0.196077793
14.094	-0.181984783
14.127	-0.163486213
14.16	-0.140988744
14.194	-0.114959427
14.227	-0.085958862
14.26	-0.054666505
14.294	-0.021867405
14.327	0.011577118
14.36	0.044768393
14.394	0.076835153
14.427	0.107011547
14.46	0.134651628
14.494	0.159128475
14.527	0.179735752
14.56	0.195791035
14.593	0.206849442
14.627	0.212722475
14.66	0.213368246
14.693	0.2088269
14.727	0.19923457
14.76	0.184826877
14.793	0.16597418
14.827	0.143231143
14.86	0.11726972
14.893	0.088713166
14.927	0.058115973
14.96	0.026106286
14.993	-0.006515838
15.027	-0.038829736
15.06	-0.069948782
15.093	-0.09910538
15.127	-0.125623913
15.16	-0.148906605
15.193	-0.168452373
15.227	-0.183845129
15.26	-0.194727606
15.293	-0.200804145
15.327	-0.201889216
15.36	-0.19795856
15.393	-0.189143251
15.426	-0.175694616
15.46	-0.157969402
15.493	-0.136408826
15.526	-0.111489887
15.56	-0.083712274
15.593	-0.053662068
15.626	-0.022089062
15.66	0.010114358
15.693	0.04204184
15.726	0.072881633
15.76	0.101941016
15.793	0.128621167
15.826	0.152327799
15.86	0.172368019
15.893	0.188041774
15.926	0.198869796
15.96	0.204674761
15.993	0.205474122
16.026	0.201377834
16.06	0.192506326
16.093	0.178978279
16.126	0.161006798
16.159	0.139042528
16.193	0.113784472
16.226	0.085975443
16.259	0.056275
16.293	0.02532944
16.326	-0.00613012
16.359	-0.037269935
16.393	-0.067228687
16.426	-0.095231796
16.459	-0.120634016
16.493	-0.142903021
16.526	-0.161597068
16.559	-0.176344751
16.593	-0.186822661
16.626	-0.192767602
16.659	-0.194004866
16.693	-0.190481046
16.726	-0.182277824
16.759	-0.169597309
16.793	-0.152745457
16.826	-0.13212317
16.859	-0.108192088
16.893	-0.081458007
16.926	-0.05252167
16.959	-0.022131822
16.992	0.00885423
17.026	0.039575341
17.059	0.069264089
17.092	0.097276275
17.126	0.123042047
17.159	0.145952461
17.192	0.165307813
17.226	0.180451337
17.259	0.190958219
17.292	0.196653228
17.326	0.197496222
17.359	0.193543051
17.392	0.184933342
17.426	0.171877232
17.459	0.154686961
17.492	0.133851918
17.526	0.109997107
17.559	0.083711751
17.592	0.055505135
17.626	0.025935418
17.659	-0.004303982
17.692	-0.034407421
17.725	-0.063521433
17.759	-0.090833567
17.792	-0.115650229
17.825	-0.137406281
17.859	-0.155624726
17.892	-0.169907628
17.925	-0.179962121
17.959	-0.185605818
17.992	-0.186731031
18.025	-0.183295874
18.059	-0.175355324
18.092	-0.163097004
18.125	-0.146843975
18.159	-0.127008482
18.192	-0.10403227
18.225	-0.078381166
18.259	-0.050598666
18.292	-0.021356896
18.325	0.008542339
18.359	0.03824156
18.392	0.066926919
18.425	0.093889464
18.459	0.118515536
18.492	0.140254135
18.525	0.158587597
18.558	0.173020248
18.592	0.183139144
18.625	0.188710235
18.658	0.189649222
18.692	0.185950869
18.725	0.177681499
18.758	0.165035192
18.792	0.148413026
18.825	0.128379962
18.858	0.105493285
18.892	0.080229121
18.925	0.053073019
18.958	0.024593609
18.992	-0.004519181
19.025	-0.033437541
19.058	-0.061281303
19.092	-0.087285836
19.125	-0.110871866
19.158	-0.131582467
19.192	-0.149005216
19.225	-0.162759283
19.258	-0.172522306
19.291	-0.178049066
19.325	-0.179181086
19.358	-0.175859724
19.391	-0.168156539
19.425	-0.156277479
19.458	-0.140534959
19.491	-0.121321851
19.525	-0.099097177
19.558	-0.074371097
19.591	-0.047715556
19.625	-0.019787496
19.658	0.008692438
19.691	0.036988414
19.725	0.064375422
19.758	0.09014835
19.791	0.113668931
19.825	0.134414263
19.858	0.151938591
19.891	0.165793713
19.925	0.175559179
19.958	0.180957482
19.991	0.18187378
20.025	0.178301091
20.058	0.170289506
20.091	0.158018445
20.124	0.141914467
20.158	0.122588436
20.191	0.100595542
20.224	0.076361296
20.258	0.050303531
20.291	0.02296033
20.324	-0.004960226
20.358	-0.032635039
20.391	-0.059246074
20.424	-0.084087345
20.458	-0.10660122
20.491	-0.126338276
20.524	-0.142907908
20.558	-0.155972919
20.591	-0.165248646
20.624	-0.170490394
20.658	-0.171503383
20.691	-0.168195809
20.724	-0.160639406
20.758	-0.149076774
20.791	-0.133869721
20.824	-0.115428223
20.857	-0.094179014
20.891	-0.070562789
20.924	-0.045066496
20.957	-0.018285815
20.991	0.009069603
21.024	0.036245253
21.057	0.062508618
21.091	0.08717204
21.124	0.109612262
21.157	0.129304812
21.191	0.145841283
21.224	0.158891983
21.257	0.168132105
21.291	0.173259009
21.324	0.174092055
21.357	0.170599651
21.391	0.162861734
21.424	0.151094899
21.457	0.135701793
21.491	0.117197638
21.524	0.096054195
21.557	0.072683713
21.591	0.047554637
21.624	0.021254794
21.657	-0.005516288
21.69	-0.031982286
21.724	-0.057381713
21.757	-0.081082761
21.79	-0.102599704
21.824	-0.121519422
21.857	-0.137442235
21.89	-0.149976841
21.924	-0.158786739
21.957	-0.163645212
21.99	-0.164441955
22.024	-0.161162307
22.057	-0.153888124
22.09	-0.142801967
22.124	-0.128175584
22.157	-0.110356121
22.19	-0.089745877
22.224	-0.066796543
22.257	-0.042051614
22.29	-0.016176584
22.324	0.010081894
22.357	0.035992878
22.39	0.060915482
22.423	0.084283346
22.457	0.105545296
22.49	0.124167959
22.523	0.139688997
22.557	0.15175952
22.59	0.16014286
22.623	0.164658027
22.657	0.165157191
22.69	0.161634942
22.723	0.154285361
22.757	0.143348953
22.79	0.12901596
22.823	0.111529681
22.857	0.091263965
22.89	0.06869965
22.923	0.044404667
22.957	0.019028103
22.99	-0.006710442
23.023	-0.032052972
23.057	-0.05628809
23.09	-0.078825701
23.123	-0.099188109
23.157	-0.11696132
23.19	-0.13178126
23.223	-0.143344764
23.256	-0.151408185
23.29	-0.155790358
23.323	-0.156388308
23.356	-0.153162067
23.39	-0.146137116
23.423	-0.13545256
23.456	-0.121377527
23.49	-0.104269984
23.523	-0.084539037
23.556	-0.062630966
23.59	-0.039028355
23.623	-0.014282553
23.656	0.010941469
23.69	0.035901772
23.723	0.059880327
23.756	0.082251259
23.79	0.102478054
23.823	0.12007586
23.856	0.134610613
23.89	0.145744068
23.923	0.153264867
23.956	0.157079284
23.989	0.157184352
24.023	0.153638367
24.056	0.146534528
24.089	0.135988725
24.123	0.122172
24.156	0.105364305
24.189	0.085968112
24.223	0.064467227
24.256	0.041373903
24.289	0.017229716
24.323	-0.007328812
24.356	-0.031559916
24.389	-0.054724973
24.423	-0.076207358
24.456	-0.095536182
24.489	-0.112344051
24.523	-0.126304067
24.556	-0.137101721
24.589	-0.144472421
24.623	-0.148245998
24.656	-0.148358746
24.689	-0.144839813
24.723	-0.137790777
24.756	-0.127366275
24.789	-0.113792849
24.822	-0.0973885
24.856	-0.078543482
24.889	-0.057683306
24.922	-0.035251113
24.956	-0.011745891
24.989	0.01220788
25.022	0.035884668
25.056	0.05858058
25.089	0.079686498
25.122	0.098688421
25.156	0.11515281
25.189	0.128716636
25.222	0.139098029
25.256	0.146110587
25.289	0.149639643
25.322	0.149623412
25.356	0.146065383
25.389	0.139034499
25.422	0.128663229
25.456	0.115166423
25.489	0.098859812
25.522	0.080129288
25.555	0.059406121
25.589	0.037192443
25.622	0.014066307
25.655	-0.009345016
25.689	-0.032375509
25.722	-0.054355836
25.755	-0.074688573
25.789	-0.092901782
25.822	-0.108653378
25.855	-0.121678421
25.889	-0.131710399
25.922	-0.138461682
25.955	-0.14170782
25.989	-0.141381443
26.022	-0.137571564
26.055	-0.130442243
26.089	-0.120176566
26.122	-0.106986065
26.155	-0.091131145
26.189	-0.07292579
26.222	-0.05276427
26.255	-0.031138943
26.289	-0.008623846
26.322	0.01415654
26.355	0.036562728
26.388	0.057982805
26.422	0.077873275
26.455	0.09577983
26.488	0.111309595
26.522	0.124082787
26.555	0.133748944
26.588	0.140071748
26.622	0.142981736
26.655	0.142526728
26.688	0.138784568
26.722	0.131831525
26.755	0.121754343
26.788	0.108686016
26.822	0.092866352
26.855	0.07467653
26.888	0.054614668
26.922	0.03325306
26.955	0.01119332
26.988	-0.010973234
27.022	-0.03268321
27.055	-0.053397127
27.088	-0.072602206
27.121	-0.089833667
27.155	-0.104698986
27.188	-0.116865501
27.221	-0.126051867
27.255	-0.132049168
27.288	-0.134738022
27.321	-0.134096264
27.355	-0.130193359
27.388	-0.123149734
27.421	-0.11310327
27.455	-0.100230245
27.488	-0.084795775
27.521	-0.067160444
27.555	-0.047758492
27.588	-0.027086463
27.621	-0.005695882
27.655	0.015844273
27.688	0.036992952
27.721	0.057245578
27.755	0.076091643
27.788	0.093018021
27.821	0.107560802
27.855	0.119347883
27.888	0.128129856
27.921	0.133772506
27.954	0.136201655
27.988	0.135379081
28.021	0.131323634
28.054	0.124116472
28.088	0.113903329
28.121	0.100929075
28.154	0.085547139
28.188	0.06817448
28.221	0.049242196
28.254	0.029175796
28.288	0.008413709
28.321	-0.012553106
28.354	-0.033171553
28.388	-0.052860089
28.421	-0.07105375
28.454	-0.087255467
28.488	-0.101082838
28.521	-0.112259752
28.554	-0.120560363
28.588	-0.125790766
28.621	-0.127837165
28.654	-0.126706366
28.687	-0.122499075
28.721	-0.115375863
28.754	-0.105535522
28.787	-0.093179289
28.821	-0.078493565
28.854	-0.061701054
28.887	-0.043130926
28.921	-0.023260527
28.954	-0.002699326
28.987	0.017898526
29.021	0.037941713
29.054	0.056937702
29.087	0.074463774
29.121	0.090131595
29.154	0.103570281
29.187	0.114435479
29.221	0.122453871
29.254	0.127444291
29.287	0.129306906
29.321	0.128016759
29.354	0.123617482
29.387	0.116224791
29.421	0.106048998
29.454	0.093392045
29.487	0.078597063
29.52	0.062010327
29.554	0.043981774
29.587	0.024883683
29.62	0.005139297
29.654	-0.014744018
29.687	-0.034190127
29.72	-0.052625866
29.754	-0.069555036
29.787	-0.084576736
29.82	-0.097350102
29.854	-0.107565165
29.887	-0.114970074
29.92	-0.119416998
29.954	-0.120858117
29.987	-0.119304424
30.02	-0.11480514
30.054	-0.107478597
30.087	-0.097550117
30.12	-0.08532618
30.154	-0.071109252
30.187	-0.055158862
30.22	-0.037737335
30.253	-0.019171918
30.287	9.09317E-05
30.32	0.019493757
30.353	0.038449429
30.387	0.056414277
30.42	0.072902752
30.453	0.087484978
30.487	0.099799323
30.52	0.109571072
30.553	0.116622552
30.587	0.120851484
30.62	0.12220202
30.653	0.120643441
30.687	0.116176969
30.72	0.10887486
30.753	0.098924564
30.787	0.086608648
30.82	0.072231324
30.853	0.056106227
30.887	0.038613839
30.92	0.020214403
30.953	0.001402372
30.987	-0.017320473
31.02	-0.035462996
31.053	-0.052565303
31.086	-0.06819717
31.12	-0.081960313
31.153	-0.093506538
31.186	-0.102557816
31.22	-0.108920064
31.253	-0.112504098
31.286	-0.113315153
31.32	-0.111413442
31.353	-0.106903162
31.386	-0.099911198
31.42	-0.090541573
31.453	-0.078894467
31.486	-0.065149127
31.52	-0.049605923
31.553	-0.032673262
31.586	-0.014828492
31.62	0.003423114
31.653	0.021593039
31.686	0.03923186
31.72	0.055910052
31.753	0.071209084
31.786	0.084740273
31.819	0.09614024
31.853	0.105071788
31.886	0.111284986
31.919	0.114659405
31.953	0.115183877
31.986	0.11292193
32.019	0.107990677
32.053	0.100542659
32.086	0.090752758
32.119	0.078827098
32.153	0.065023638
32.186	0.049659504
32.219	0.033098598
32.253	0.015727336
32.286	-0.002039417
32.319	-0.019730773
32.353	-0.036836919
32.386	-0.052856598
32.419	-0.067323632
32.453	-0.07984829
32.486	-0.090162313
32.519	-0.098102863
32.553	-0.103543054
32.586	-0.106377643
32.619	-0.106570328
32.652	-0.104160726
32.686	-0.099242039
32.719	-0.091951624
32.752	-0.082453717
32.786	-0.070933846
32.819	-0.057619078
32.852	-0.042784129
32.886	-0.026765671
32.919	-0.010000911
32.952	0.007008544
32.986	0.023790758
33.019	0.039942558
33.052	0.055104408
33.086	0.068946265
33.119	0.081159556
33.152	0.091438672
33.186	0.099466663
33.219	0.104969163
33.252	0.107801134
33.286	0.107951581
33.319	0.105477053
33.352	0.100462373
33.385	0.093030762
33.419	0.083353434
33.452	0.071660776
33.485	0.058237972
33.519	0.04340756
33.552	0.027534489
33.585	0.011033273
33.619	-0.00565382
33.652	-0.022072306
33.685	-0.037762293
33.719	-0.052301758
33.752	-0.065360835
33.785	-0.076674932
33.819	-0.085986613
33.852	-0.093062527
33.885	-0.097742452
33.919	-0.099943313
33.952	-0.099651843
33.985	-0.096921275
34.019	-0.091855108
34.052	-0.084592618
34.085	-0.075298216
34.119	-0.06414818
34.152	-0.051333449
34.185	-0.037084756
34.218	-0.021730396
34.252	-0.005731661
34.285	0.010374412
34.318	0.026089356
34.352	0.041037927
34.385	0.054949074
34.418	0.067570073
34.452	0.078628654
34.485	0.087849752
34.518	0.094965983
34.552	0.099726019
34.585	0.101934908
34.618	0.101501717
34.652	0.098461528
34.685	0.092967057
34.718	0.085243975
34.752	0.075524236
34.785	0.064039097
34.818	0.051069381
34.852	0.036955078
34.885	0.022050839
34.918	0.006701715
34.951	-0.008736769
34.985	-0.0238871
35.018	-0.038372111
35.051	-0.051829297
35.085	-0.063899296
35.118	-0.074235485
35.151	-0.082563847
35.185	-0.088711072
35.218	-0.092566504
35.251	-0.09405911
35.285	-0.093178765
35.318	-0.089981846
35.351	-0.084576736
35.385	-0.077108821
35.418	-0.067744955
35.451	-0.056676251
35.485	-0.044133966
35.518	-0.030394036
35.551	-0.015797673
35.585	-0.000776672
35.618	0.014189527
35.651	0.02867192
35.685	0.04234256
35.718	0.054944361
35.751	0.066231929
35.784	0.075942417
35.818	0.083825721
35.851	0.089693168
35.884	0.093413338
35.918	0.094871037
35.951	0.093965036
35.984	0.090670029
36.018	0.085086372
36.051	0.077400989
36.084	0.067843915
36.118	0.056694054
36.151	0.044267833
36.184	0.030879412
36.218	0.016827243
36.251	0.00241187
36.284	-0.012025144
36.318	-0.026093894
36.351	-0.039396619
36.384	-0.051578319
36.418	-0.062346128
36.451	-0.071449416
36.484	-0.0786674
36.517	-0.083827466
36.551	-0.086829083
36.584	-0.087632982
36.617	-0.086244049
36.651	-0.082713597
36.684	-0.077140411
36.717	-0.069653996
36.751	-0.060410383
36.784	-0.049600861
36.817	-0.037463143
36.851	-0.024302488
36.884	-0.010495887
36.917	0.003534641
36.951	0.017359568
36.984	0.030598763
37.017	0.042965992
37.051	0.054230696
37.084	0.064167728
37.117	0.072564682
37.151	0.079245802
37.184	0.084053661
37.217	0.086832574
37.251	0.087467175
37.284	0.085934427
37.317	0.082291751
37.35	0.076633568
37.384	0.069077514
37.417	0.059786079
37.45	0.049002039
37.484	0.037054911
37.517	0.024315404
37.55	0.011123158
37.584	-0.002240305
37.617	-0.015501665
37.65	-0.028337166
37.684	-0.04039006
37.717	-0.051334846
37.75	-0.060889651
37.784	-0.068791978
37.817	-0.074823836
37.85	-0.078863575
37.884	-0.080888157
37.917	-0.080925332
37.95	-0.079011753
37.984	-0.075183374
38.017	-0.069487666
38.05	-0.062012072
38.083	-0.052911227
38.117	-0.04241569
38.15	-0.030812392
38.183	-0.018418983
38.217	-0.00557528
38.25	0.007371573
38.283	0.020080537
38.317	0.032226632
38.35	0.043533573
38.383	0.053797505
38.417	0.062836391
38.45	0.070418974
38.483	0.076281535
38.517	0.080213413
38.55	0.082090514
38.583	0.081850531
38.617	0.079487879
38.65	0.075080574
38.683	0.068799832
38.717	0.060887556
38.75	0.051612004
38.783	0.041225026
38.817	0.02996835
38.85	0.018093305
38.883	0.005846853
38.916	-0.006534687
38.95	-0.018779394
38.983	-0.03053279
39.016	-0.041401653
39.05	-0.051054371
39.083	-0.05926632
39.116	-0.065871169
39.15	-0.070723359
39.183	-0.073725849
39.216	-0.074862059
39.25	-0.074171083
39.283	-0.071700395
39.316	-0.067478443
39.35	-0.061546593
39.383	-0.054020558
39.416	-0.045090581
39.45	-0.034987219
39.483	-0.023974715
39.516	-0.01234227
39.55	-0.000395666
39.583	0.011543259
39.616	0.023140797
39.649	0.034080172
39.683	0.044108659
39.716	0.053047712
39.749	0.060745137
39.783	0.067037748
39.816	0.07175642
39.849	0.074738838
39.883	0.075836127
39.916	0.074947754
39.949	0.07206255
39.983	0.06727965
40.016	0.060806224
40.049	0.052913496
40.083	0.043879148
40.116	0.033965329
40.149	0.023391601
40.183	0.012332322
40.216	0.000978955
40.249	-0.01039169
40.283	-0.021442766
40.316	-0.031854528
40.349	-0.041349643
40.382	-0.049681844
40.416	-0.056645184
40.449	-0.062085027
40.482	-0.065899095
40.516	-0.068042184
40.549	-0.068505395
40.582	-0.06728157
40.616	-0.064365997
40.649	-0.059796551
40.682	-0.053683012
40.716	-0.046185601
40.749	-0.037479549
40.782	-0.02776208
40.816	-0.017297435
40.849	-0.006425081
40.882	0.004494397
40.916	0.01516918
40.949	0.025397159
40.982	0.035010432
41.016	0.043835166
41.049	0.051683912
41.082	0.058346182
41.116	0.063593689
41.149	0.067217691
41.182	0.069073674
41.215	0.06910125
41.249	0.067323982
41.282	0.06384013
41.315	0.058804157
41.349	0.052400544
41.382	0.044828956
41.415	0.036285919
41.449	0.026952072
41.482	0.017015215
41.515	0.006689847
41.549	-0.003784397
41.582	-0.014138912
41.615	-0.024092525
41.649	-0.033373139
41.682	-0.041703944
41.715	-0.048811972
41.749	-0.054492495
41.782	-0.058656676
41.815	-0.061306086
41.849	-0.062457305
41.882	-0.062091833
41.915	-0.060183141
41.949	-0.05675165
41.982	-0.051877992
42.015	-0.045666889
42.048	-0.038222362
42.082	-0.029686654
42.115	-0.020313189
42.148	-0.010471103
42.182	-0.000526042
42.215	0.009273982
42.248	0.018781663
42.282	0.02785528
42.315	0.036301278
42.348	0.043886304
42.382	0.050387656
42.415	0.055631497
42.448	0.059487802
42.482	0.061863021
42.515	0.062712996
42.548	0.062028827
42.582	0.059803532
42.615	0.056056136
42.648	0.05088874
42.682	0.044496995
42.715	0.037108667
42.748	0.028912775
42.781	0.02005488
42.815	0.010687349
42.848	0.001009673
42.881	-0.0087064
42.915	-0.018133098
42.948	-0.026949105
42.981	-0.034892273
43.015	-0.041767649
43.048	-0.047438224
43.081	-0.051819698
43.115	-0.054857444
43.148	-0.056506082
43.181	-0.056745017
43.215	-0.055597987
43.248	-0.05310461
43.281	-0.049292461
43.315	-0.044192958
43.348	-0.037865965
43.381	-0.030427896
43.415	-0.022088887
43.448	-0.013147042
43.481	-0.003924373
43.515	0.005292187
43.548	0.014270685
43.581	0.022822972
43.614	0.030765268
43.648	0.037896334
43.681	0.044031166
43.714	0.049034153
43.748	0.052816805
43.781	0.055327635
43.814	0.056531738
43.848	0.056389843
43.881	0.054873501
43.914	0.051997547
43.948	0.047848027
43.981	0.042578529
44.014	0.036354336
44.048	0.029314376
44.081	0.021591992
44.114	0.013336584
44.148	0.004712389
44.181	-0.004090528
44.214	-0.012820316
44.248	-0.021167179
44.281	-0.02884017
44.314	-0.035625661
44.347	-0.041366398
44.381	-0.045928688
44.414	-0.049216365
44.447	-0.051189634
44.481	-0.051855303
44.514	-0.051237805
44.547	-0.049359831
44.581	-0.046247735
44.614	-0.041938517
44.647	-0.036479127
44.681	-0.029955959
44.714	-0.022547036
44.747	-0.01451922
44.781	-0.006165725
44.814	0.002250428
44.847	0.010503566
44.881	0.018393327
44.914	0.02573872
44.947	0.032374636
44.981	0.038164242
45.014	0.04301137
45.047	0.046832071
45.08	0.049529826
45.114	0.051018243
45.147	0.051239551
45.18	0.050169664
45.214	0.047844885
45.247	0.044368189
45.28	0.03985948
45.314	0.034429237
45.347	0.028202426
45.38	0.021317626
45.414	0.01392319
45.447	0.006214245
45.48	-0.00157324
45.514	-0.00922424
45.547	-0.016567887
45.58	-0.023453211
45.614	-0.029740585
45.647	-0.035291779
45.68	-0.039942907
45.714	-0.043512804
45.747	-0.045858352
45.78	-0.04691445
45.814	-0.046688954
45.847	-0.045236665
45.88	-0.042629318
45.913	-0.038939168
45.947	-0.034225732
45.98	-0.02855603
46.013	-0.022067419
46.047	-0.014985571
46.08	-0.007563559
46.113	-2.44346E-05
46.147	0.007445749
46.18	0.014671936
46.213	0.021480465
46.247	0.027712512
46.28	0.033227927
46.313	0.037886211
46.347	0.041553322
46.38	0.044147405
46.413	0.045643152
46.447	0.046035677
46.48	0.045314507
46.513	0.043478421
46.547	0.040566862
46.58	0.036656278
46.613	0.031841612
46.647	0.026254464
46.68	0.020075475
46.713	0.013489824
46.746	0.006644468
46.78	-0.000330914
46.813	-0.007269296
46.846	-0.013962634
46.88	-0.020218069
46.913	-0.025892134
46.946	-0.030869813
46.98	-0.035042721
47.013	-0.038311199
47.046	-0.040586759
47.08	-0.041792782
47.113	-0.041878477
47.146	-0.040836865
47.18	-0.038688888
47.213	-0.035458807
47.246	-0.03121277
47.28	-0.026100177
47.313	-0.020313189
47.346	-0.01402948
47.38	-0.007427074
47.413	-0.000706335
47.446	0.005939705
47.479	0.01235344
47.513	0.018403799
47.546	0.023975239
47.579	0.028958503
47.613	0.033246253
47.646	0.036729232
47.679	0.039297659
47.713	0.040863568
47.746	0.041384025
47.779	0.040848035
47.813	0.039264672
47.846	0.036678967
47.879	0.033187261
47.913	0.028917662
47.946	0.024007353
47.979	0.018594738
48.013	0.012804957
48.046	0.00674308
48.079	0.000522377
48.113	-0.005725727
48.146	-0.011856545
48.179	-0.017690134
48.212	-0.023018275
48.246	-0.02767778
48.279	-0.031579813
48.312	-0.034657876
48.346	-0.036827843
48.379	-0.038002974
48.412	-0.038129859
48.446	-0.037215307
48.479	-0.035300331
48.512	-0.032407797
48.546	-0.028556205
48.579	-0.023832471
48.612	-0.018417412
48.646	-0.012545427
48.679	-0.006459289
48.712	-0.000364774
48.746	0.005611234
48.779	0.011405727
48.812	0.016950463
48.846	0.022116812
48.879	0.026717849
48.912	0.030570664
48.946	0.033559365
48.979	0.035628453
49.012	0.036763266
49.045	0.036988588
49.079	0.036344213
49.112	0.034858065
49.145	0.032559117
49.179	0.029496588
49.212	0.02573872
49.245	0.021359688
49.279	0.016452521
49.312	0.011150036
49.345	0.00560879
49.379	-2.32129E-05
49.412	-0.005610535
49.445	-0.011018264
49.479	-0.016106073
49.512	-0.020740097
49.545	-0.024798511
49.579	-0.028173628
49.612	-0.030775565
49.645	-0.032529621
49.679	-0.033391639
49.712	-0.033347657
49.745	-0.032377079
49.778	-0.030468038
49.812	-0.02767621
49.845	-0.024134762
49.878	-0.020000426
49.912	-0.015408639
49.945	-0.010461504
49.978	-0.005240351
50.012	0.000152542
50.045	0.0055676
50.078	0.010821914
50.112	0.015733794
50.145	0.020168327
50.178	0.024051859
50.212	0.027339012
50.245	0.029971143
50.278	0.031863603
50.312	0.032940297
50.345	0.033173997
50.378	0.032579887
50.412	0.031189557
50.445	0.029052227
50.478	0.026232997
50.512	0.022799934
50.545	0.018830706
50.578	0.014429859
50.611	0.009710139
50.645	0.00476824
50.678	-0.000295659
50.711	-0.005337217
50.745	-0.010176142
50.778	-0.014662162
50.811	-0.018710104
50.845	-0.022258009
50.878	-0.02521931
50.911	-0.027493997
50.945	-0.029006674
50.978	-0.029718419
51.011	-0.02960218
51.045	-0.028617117
51.078	-0.026736873
51.111	-0.024013287
51.145	-0.020581621
51.178	-0.016591973
51.211	-0.012169657
51.245	-0.00744348
51.278	-0.002569823
51.311	0.002303311
51.345	0.007061951
51.378	0.011601553
51.411	0.015800117
51.444	0.019540008
51.478	0.022748621
51.511	0.025392097
51.544	0.027427849
51.578	0.028809277
51.611	0.02951631
51.644	0.029557674
51.678	0.028940701
51.711	0.02766312
51.744	0.02572179
51.778	0.023117759
51.811	0.019878253
51.844	0.01609595
51.878	0.011927231
51.911	0.00752935
51.944	0.003007726
51.978	-0.001561372
52.011	-0.00607968
52.044	-0.010415427
52.078	-0.014429859
52.111	-0.018019128
52.144	-0.021126163
52.177	-0.023692496
52.211	-0.025614103
52.244	-0.026767417
52.277	-0.027075991
52.311	-0.026539477
52.344	-0.025194177
52.377	-0.023078489
52.411	-0.020269207
52.444	-0.016909273
52.477	-0.013155943
52.511	-0.009125279
52.544	-0.004897045
52.577	-0.000556236
52.611	0.003793997
52.644	0.008046666
52.677	0.012078726
52.711	0.015759101
52.744	0.019004716
52.777	0.021784502
52.811	0.024067392
52.844	0.025794046
52.877	0.026884179
52.91	0.027267104
52.944	0.026922227
52.977	0.025898243
53.01	0.024283988
53.044	0.022150672
53.077	0.019524475
53.11	0.016421105
53.144	0.012892922
53.177	0.009023003
53.21	0.004916243
53.244	0.000704764
53.277	-0.003465875
53.31	-0.007482227
53.344	-0.011263308
53.377	-0.01472255
53.41	-0.017751744
53.444	-0.020254371
53.477	-0.022168823
53.51	-0.023454956
53.544	-0.024082751
53.577	-0.024030042
53.61	-0.023272744
53.644	-0.021799511
53.677	-0.019649789
53.71	-0.016930915
53.743	-0.013776233
53.777	-0.010277895
53.81	-0.006488611
53.843	-0.00249809
53.877	0.001549678
53.91	0.005525014
53.943	0.009340479
53.977	0.012918927
54.01	0.016170476
54.043	0.018994244
54.077	0.021279403
54.11	0.022925074
54.143	0.023897223
54.177	0.02424751
54.21	0.024048892
54.243	0.023339066
54.277	0.022134615
54.31	0.020457004
54.343	0.018319674
54.377	0.015718784
54.41	0.012672661
54.443	0.009261241
54.476	0.005609488
54.51	0.001845162
54.543	-0.001915673
54.576	-0.005559572
54.61	-0.008968025
54.643	-0.012033871
54.676	-0.014703701
54.71	-0.016989384
54.743	-0.01891326
54.776	-0.020436758
54.81	-0.021445733
54.843	-0.021803351
54.876	-0.021415539
54.91	-0.0202624
54.943	-0.018385124
54.976	-0.015858934
55.01	-0.01279466
55.043	-0.009350078
55.076	-0.005708274
55.11	-0.002033832
55.143	0.001548456
55.176	0.004965636
55.21	0.008196241
55.243	0.011229448
55.276	0.01401255
55.309	0.016469276
55.343	0.018546567
55.376	0.020209342
55.409	0.021416935
55.443	0.022138105
55.476	0.022365347
55.509	0.022084349
55.543	0.021252002
55.576	0.019836365
55.609	0.017872521
55.643	0.015467806
55.676	0.012748408
55.709	0.009798104
55.743	0.006644294
55.776	0.003297974
55.809	-0.000187099
55.843	-0.00369172
55.876	-0.007055668
55.909	-0.010126749
55.943	-0.012817349
55.976	-0.015118042
56.009	-0.017040348
56.042	-0.018544123
56.076	-0.019523428
56.109	-0.019862021
56.142	-0.019504229
56.176	-0.018484782
56.209	-0.016905608
56.242	-0.014873696
56.276	-0.012462349
56.309	-0.009719913
56.342	-0.006688974
56.376	-0.003423289
56.409	-1.65806E-05
56.442	0.003396934
56.476	0.006685658
56.509	0.009763546
56.542	0.012579461
56.576	0.015079645
56.609	0.017197951
56.642	0.018889349
56.676	0.020147034
56.709	0.020960357
56.742	0.021269106
56.776	0.0209909
56.809	0.020107938
56.842	0.018701901
56.875	0.016892518
56.909	0.014760249
56.942	0.012334242
56.975	0.009627062
57.009	0.00666262
57.042	0.00348839
57.075	0.000192859
57.109	-0.003111573
57.142	-0.006326819
57.175	-0.009360201
57.209	-0.012085183
57.242	-0.014366154
57.275	-0.016127017
57.309	-0.017362186
57.342	-0.018080564
57.375	-0.018264172
57.409	-0.017887007
57.442	-0.016950812
57.475	-0.015492415
57.509	-0.013583025
57.542	-0.011314795
57.575	-0.008758935
57.608	-0.005953144
57.642	-0.002927615
57.675	0.000263021
57.708	0.003513173
57.742	0.006680597
57.775	0.009639628
57.808	0.012301255
57.842	0.014602472
57.875	0.016506277
57.908	0.018002897
57.942	0.019095647
57.975	0.019775104
58.008	0.020007582
58.042	0.019762712
58.075	0.01904032
58.108	0.017849831
58.142	0.016193514
58.175	0.014098595
58.208	0.011649549
58.242	0.008964011
58.275	0.006140766
58.308	0.003238807
58.341	0.00028571
58.375	-0.002692519
58.408	-0.005631654
58.441	-0.008411789
58.475	-0.010902025
58.508	-0.01301492
58.541	-0.014699512
58.575	-0.015912865
58.608	-0.01663229
58.641	-0.016868782
58.675	-0.01663421
58.708	-0.015915832
58.741	-0.014702479
58.775	-0.013015793
58.808	-0.010897487
58.841	-0.008397826
58.875	-0.005605474
58.908	-0.002657089
58.941	0.000317301
58.975	0.003236888
59.008	0.006055245
59.041	0.008730835
59.075	0.011214788
59.108	0.013448635
59.141	0.01535244
59.174	0.016844173
59.208	0.017882294
59.241	0.01846698
59.274	0.01861638
59.308	0.018337651
59.341	0.017619273
59.374	0.016466832
59.408	0.014931466
59.441	0.013083512
59.474	0.010966602
59.508	0.008598539
59.541	0.00600306
59.574	0.003225019
59.608	0.000317126
59.641	-0.002657962
59.674	-0.005601634
59.708	-0.008366236
59.741	-0.010800796
59.774	-0.012813335
59.808	-0.014373135
59.841	-0.0154795
59.874	-0.016122828
59.907	-0.016270308
59.941	-0.015903615
59.974	-0.015059748
60.007	-0.013809394
60.041	-0.012186587
60.074	-0.010182425
60.107	-0.007821344
60.141	-0.00519218
60.174	-0.002406285
60.207	0.000440172
60.241	0.003268827
60.274	0.006007249
60.307	0.008578991
60.341	0.010913718
60.374	0.012966575
60.407	0.014713649
60.441	0.016132078
60.474	0.017195856
60.507	0.017869903
60.541	0.01810622
60.574	0.01787444
60.607	0.017189399
60.641	0.016083209
60.674	0.014581004
60.707	0.012712455
60.74	0.01053568
60.774	0.008138994
60.807	0.005608441
60.84	0.002994112
60.874	0.000331613
60.907	-0.002319019
60.94	-0.004872785
60.974	-0.007248352
61.007	-0.009394235
61.04	-0.011276049
61.074	-0.012840387
61.107	-0.014010805
61.14	-0.014727786
61.174	-0.01497475
61.207	-0.014749778
61.24	-0.014038381
61.274	-0.012837944
61.307	-0.011187211
61.34	-0.009147969
61.374	-0.006785142
61.407	-0.004177969
61.44	-0.001425585
61.474	0.001369385
61.507	0.00411025
61.54	0.006707649
61.573	0.009088453
61.607	0.011211472
61.64	0.013052619
61.673	0.014570881
61.707	0.015710058
61.74	0.01644519
61.773	0.016811709
61.807	0.016866164
61.84	0.016629497
61.873	0.016073086
61.907	0.015147189
61.94	0.013806078
61.973	0.012039107
62.007	0.009912248
62.04	0.007547676
62.073	0.00505395
62.107	0.002507689
62.14	-3.71755E-05
62.173	-0.002547657
62.207	-0.004987278
62.24	-0.007296873
62.273	-0.009417797
62.306	-0.011294724
62.34	-0.01284667
62.373	-0.01396595
62.406	-0.014565471
62.44	-0.014616958
62.473	-0.014147813
62.506	-0.013229421
62.54	-0.011946255
62.573	-0.010341599
62.606	-0.008416327
62.64	-0.006200108
62.673	-0.003766595
62.706	-0.001185253
62.74	0.001478992
62.773	0.004137827
62.806	0.006681993
62.84	0.009010786
62.873	0.011061024
62.906	0.012804434
62.94	0.014229669
62.973	0.015337604
63.006	0.016130507
63.039	0.016595638
63.073	0.016708386
63.106	0.016433497
63.139	0.015728384
63.173	0.014581528
63.206	0.013040228
63.239	0.011183721
63.273	0.009077108
63.306	0.006771703
63.339	0.004331733
63.373	0.001831374
63.406	-0.000668636
63.439	-0.003107559
63.473	-0.00541087
63.506	-0.007515388
63.539	-0.009372069
63.573	-0.010921572
63.606	-0.012094085
63.639	-0.012853477
63.673	-0.013218775
63.706	-0.013224011
63.739	-0.012863949
63.773	-0.012091467
63.806	-0.010875845
63.839	-0.009244136
63.872	-0.007270867
63.906	-0.005050459
63.939	-0.002692694
63.972	-0.000296357
64.006	0.002095617
64.039	0.004478864
64.072	0.006818303
64.106	0.00903365
64.139	0.011043571
64.172	0.012790122
64.206	0.014230891
64.239	0.015337081
64.272	0.016083209
64.306	0.016433497
64.339	0.016356877
64.372	0.015853
64.406	0.01496742
64.439	0.013773091
64.472	0.012309458
64.506	0.010565351
64.539	0.008544608
64.572	0.006320361
64.605	0.003994361
64.639	0.00162717
64.672	-0.000761836
64.705	-0.003131819
64.739	-0.005405634
64.772	-0.007506312
64.805	-0.009372244
64.839	-0.010929601
64.872	-0.012095481
64.905	-0.012819618
64.939	-0.013110739
64.972	-0.013002877
65.005	-0.012516803
65.039	-0.011655483
65.072	-0.010410365
65.105	-0.008773247
65.139	-0.006781302
65.172	-0.004542918
65.205	-0.002187421
65.239	0.000206996
65.272	0.002607696
65.305	0.00496232
65.339	0.007181157
65.372	0.009180083
65.405	0.010903945
65.438	0.012320628
65.472	0.013423851
65.505	0.014224782
65.538	0.014734419
65.572	0.014964628
65.605	0.014914188
65.638	0.014547145
65.672	0.013804856
65.705	0.01266568
65.738	0.011181277
65.772	0.009447991
65.805	0.007546978
65.838	0.005516986
65.872	0.003364471
65.905	0.001103223
65.938	-0.00120323
65.972	-0.003454879
66.005	-0.005568473
66.038	-0.007495316
66.072	-0.009190729
66.105	-0.01060113
66.138	-0.011673635
66.171	-0.012355884
66.205	-0.012592551
66.238	-0.01235728
66.271	-0.011676427
66.305	-0.010604621
66.338	-0.009194045
66.371	-0.007496887
66.405	-0.005566204
66.438	-0.003446676
66.471	-0.001187871
66.505	0.001124167
66.538	0.003383495
66.571	0.005517684
66.605	0.007501076
66.638	0.009319011
66.671	0.01093728
66.705	0.012308935
66.738	0.013399242
66.771	0.014189701
66.805	0.014667573
66.838	0.014828841
66.871	0.01467595
66.905	0.014206631
66.938	0.01342228
66.971	0.012330228
67.004	0.010940247
67.038	0.009275029
67.071	0.007372445
67.104	0.005270196
67.138	0.003016627
67.171	0.000699004
67.204	-0.001574811
67.238	-0.003726627
67.271	-0.00572084
67.304	-0.007525336
67.338	-0.009080774
67.371	-0.010313674
67.404	-0.011178136
67.438	-0.01166613
67.471	-0.011773817
67.504	-0.011495437
67.538	-0.010848792
67.571	-0.009860936
67.604	-0.008532042
67.638	-0.006850766
67.671	-0.00485603
67.704	-0.00267175
67.737	-0.00045588
67.771	0.001685639
67.804	0.003724707
67.837	0.005674589
67.871	0.007544186
67.904	0.009314473
67.937	0.010930124
67.971	0.012320628
68.004	0.013425945
68.037	0.014200697
68.071	0.014602646
68.104	0.014602995
68.137	0.014200871
68.171	0.013422804
68.204	0.01230876
68.237	0.010903595
68.271	0.009269793
68.304	0.00748659
68.337	0.005625371
68.371	0.003733085
68.404	0.001831549
68.437	-6.99877E-05
68.471	-0.001963321
68.504	-0.003826111
68.537	-0.005611932
68.57	-0.007249574
68.604	-0.008658927
68.637	-0.009776811
68.67	-0.010558544
68.704	-0.010962937
68.737	-0.010962588
68.77	-0.010557322
68.804	-0.009775066
68.837	-0.008656659
68.87	-0.00724748
68.904	-0.005610535
68.937	-0.003825064
68.97	-0.001962972
69.004	-6.99877E-05
69.037	0.001831374
69.07	0.003732736
69.104	0.005625196
69.137	0.007486241
69.17	0.009269793
69.204	0.010903945
69.237	0.012309284
69.27	0.013423851
69.303	0.014202966
69.337	0.014606137
69.37	0.014605788
69.403	0.014202268
69.437	0.013422804
69.47	0.012307887
69.503	0.010902897
69.537	0.009270142
69.57	0.00749008
69.603	0.005634272
69.637	0.003748444
69.67	0.001852143
69.703	-5.13127E-05
69.737	-0.001963146
69.77	-0.003872187
69.803	-0.005740912
69.837	-0.007493397
69.87	-0.0090148
69.903	-0.010181204
69.937	-0.010914067
69.97	-0.011207632
70.003	-0.011097676
70.037	-0.010620154
70.07	-0.009807703
70.103	-0.008689122
70.136	-0.007289019
70.17	-0.005641428
70.203	-0.003793473
70.236	-0.001782679
70.27	0.000362854
70.303	0.002590941
70.336	0.004789533
70.37	0.006810973
70.403	0.008553859
70.436	0.010003704
70.47	0.011182674
70.503	0.012084311
70.536	0.012690813
70.57	0.013023996
70.603	0.013137617
70.636	0.013065535
70.67	0.012795358
70.703	0.012283802
70.736	0.011494564
70.77	0.010412111
70.803	0.00904098
70.836	0.007416602
70.869	0.005601111
70.903	0.003656814
70.936	0.001637468
70.969	-0.00039427
71.003	-0.00235794
71.036	-0.004193503
71.069	-0.00588717
71.103	-0.007425503
71.136	-0.008754222
71.169	-0.00979758
71.203	-0.010477561
71.236	-0.010718241
71.269	-0.010481051
71.303	-0.009789377
71.336	-0.008703433
71.369	-0.007291462
71.403	-0.005634097
71.436	-0.003821573
71.469	-0.001931905
71.503	-1.93732E-05
71.536	0.001880767
71.569	0.003738146
71.603	0.005516811
71.636	0.007172605
71.669	0.008670796
71.702	0.009998991
71.736	0.011145673
71.769	0.01206232
71.802	0.012690813
71.836	0.013018236
71.869	0.013065186
71.902	0.012840213
71.936	0.012330053
71.969	0.011521791
72.002	0.010416649
72.036	0.009031381
72.069	0.007410493
72.102	0.005626069
72.136	0.003748444
72.169	0.00183085
72.202	-8.69174E-05
72.236	-0.001965241
72.269	-0.003750538
72.302	-0.005370902
72.336	-0.006754424
72.369	-0.007856076
72.402	-0.008661895
72.435	-0.009176243
72.469	-0.009420589
72.502	-0.009420589
72.535	-0.009176243
72.569	-0.008661895
72.602	-0.007856076
72.635	-0.006754424
72.669	-0.005370902
72.702	-0.003750538
72.735	-0.001965241
72.769	-8.69174E-05
72.802	0.00183085
72.835	0.003748444
72.869	0.005626069
72.902	0.007410493
72.935	0.009031206
72.969	0.010416474
73.002	0.011521442
73.035	0.012329879
73.069	0.012840213
73.102	0.013065186
73.135	0.01301876
73.169	0.012692034
73.202	0.012064414
73.235	0.011148465
73.268	0.010001086
73.302	0.008669923
73.335	0.007165275
73.368	0.005497613
73.402	0.003703763
73.435	0.001833119
73.468	-6.6148E-05
73.502	-0.001942202
73.535	-0.003732736
73.568	-0.005361477
73.602	-0.00675425
73.635	-0.007866548
73.668	-0.008683886
73.702	-0.009206961
73.735	-0.009449736
73.768	-0.009423556
73.802	-0.009111142
73.835	-0.00847305
73.868	-0.007492873
73.902	-0.006192079
73.935	-0.004593881
73.968	-0.002728299
74.001	-0.000698132
74.035	0.001324705
74.068	0.003195872
74.101	0.004867374
74.135	0.006385113
74.168	0.007822042
74.201	0.009193522
74.235	0.010443352
74.268	0.011495786
74.301	0.012290434
74.335	0.012782966
74.368	0.012950867
74.401	0.012789773
74.435	0.012301953
74.468	0.01150521
74.501	0.010438989
74.535	0.009157394
74.568	0.007732507
74.601	0.00622716
74.635	0.004652175
74.668	0.002992542
74.701	0.001273218
74.735	-0.000453262
74.768	-0.002161241
74.801	-0.003826809
74.834	-0.005387308
74.868	-0.006756868
74.901	-0.007869166
74.934	-0.008685282
74.968	-0.009182526
75.001	-0.009352172
75.034	-0.009195442
75.068	-0.008709193
75.101	-0.007897091
75.134	-0.00677275
75.168	-0.005361826
75.201	-0.00371633
75.234	-0.001917419
75.268	-5.11381E-05
75.301	0.001807288
75.334	0.003593982
75.368	0.005256932
75.401	0.006771528
75.434	0.00815348
75.468	0.009428618
75.501	0.010581059
75.534	0.011550589
75.567	0.012262858
75.601	0.012648227
75.634	0.012667076
75.667	0.012330053
75.701	0.011692135
75.734	0.010822089
75.767	0.009762674
75.801	0.008514763
75.834	0.007069456
75.867	0.00545171
75.901	0.003733783
75.934	0.002007129
75.967	0.000349066
76.001	-0.001206197
76.034	-0.002683618
76.067	-0.004127006
76.101	-0.005526934
76.134	-0.006805911
76.167	-0.007869166
76.201	-0.008635191
76.234	-0.009037489
76.267	-0.009039584
76.301	-0.008651074
76.334	-0.007925366
76.367	-0.006940651
76.4	-0.005774247
76.434	-0.004485845
76.467	-0.003090804
76.5	-0.001564339
76.534	0.000104196
76.567	0.001878847
76.6	0.00369172
76.634	0.00546131
76.667	0.007104014
76.7	0.008556302
76.734	0.009796882
76.767	0.010831339
76.8	0.011649898
76.834	0.01220212
76.867	0.012423254
76.9	0.012292005
76.934	0.011858116
76.967	0.011193669
77	0.010332698
77.034	0.009287071
77.067	0.008082096
77.1	0.006731909
77.133	0.00522761
77.167	0.003580892
77.2	0.001849002
77.233	0.000115715
77.267	-0.001539729
77.3	-0.003069336
77.333	-0.004475373
77.367	-0.005776865
77.4	-0.006954788
77.433	-0.007945611
77.467	-0.008664163
77.5	-0.009023003
77.533	-0.008957553
77.567	-0.008454898
77.6	-0.007567748
77.633	-0.006394712
77.667	-0.005015727
77.7	-0.003465526
77.733	-0.001778316
77.767	-1.93732E-05
77.8	0.001727003
77.833	0.003382274
77.867	0.00489879
77.9	0.006277077
77.933	0.00753703
77.966	0.008667305
78	0.009626014
78.033	0.010371794
78.066	0.01088335
78.1	0.011172551
78.133	0.011271685
78.166	0.011195589
78.2	0.010918082
78.233	0.010391516
78.266	0.009584301
78.3	0.00849923
78.333	0.007173827
78.366	0.005688377
78.4	0.004147251
78.433	0.002620088
78.466	0.001099208
78.5	-0.00046897
78.533	-0.00209998
78.566	-0.003729943
78.6	-0.005239478
78.633	-0.006508158
78.666	-0.00746966
78.699	-0.008118399
78.733	-0.008453328
78.766	-0.008462927
78.799	-0.008176518
78.833	-0.007658156
78.866	-0.006941873
78.899	-0.006016324
78.933	-0.004855157
78.966	-0.00344528
78.999	-0.001814968
79.033	-3.66519E-05
79.066	0.001797864
79.099	0.003599393
79.133	0.005288697
79.166	0.006811322
79.199	0.008148942
79.233	0.009289864
79.266	0.01019185
79.299	0.01080865
79.333	0.01114672
79.366	0.011254581
79.399	0.011171503
79.433	0.010902025
79.466	0.010432007
79.499	0.009761801
79.532	0.008909557
79.566	0.007881558
79.599	0.006659304
79.632	0.005223247
79.666	0.003596076
79.699	0.001851794
79.732	9.07571E-05
79.766	-0.00158982
79.799	-0.003119252
79.832	-0.004468741
79.866	-0.005622927
79.899	-0.006538527
79.932	-0.007170511
79.966	-0.007526034
79.999	-0.007651349
80.032	-0.007577347
80.066	-0.007291113
80.099	-0.006751632
80.132	-0.005930629
80.166	-0.004830897
80.199	-0.003489611
80.232	-0.001988803
80.265	-0.000439299
80.299	0.001075646
80.332	0.002542945
80.365	0.003992615
80.399	0.005427799
80.432	0.00680818
80.465	0.008089776
80.499	0.009226858
80.532	0.01014909
80.565	0.010794163
80.599	0.011159984
80.632	0.011288964
80.665	0.011213566
80.699	0.010924888
80.732	0.010389072
80.765	0.009587966
80.799	0.008536231
80.832	0.007279594
80.865	0.005895373
80.899	0.004459491
80.932	0.002994461
80.965	0.001478992
80.999	-8.29031E-05
81.032	-0.001633803
81.065	-0.00309953
81.098	-0.004432613
81.132	-0.005597969
81.165	-0.006536258
81.198	-0.007191804
81.232	-0.007560766
81.265	-0.007674911
81.298	-0.00754628
81.332	-0.007142411
81.365	-0.006417052
81.398	-0.005372822
81.432	-0.004094019
81.465	-0.002691123
81.498	-0.001222778
81.532	0.000305084
81.565	0.001872389
81.598	0.003416133
81.632	0.004866676
81.665	0.006191556
81.698	0.007382743
81.732	0.008420166
81.765	0.009287421
81.798	0.009996199
81.831	0.010547723
81.865	0.010904119
81.898	0.011020707
81.931	0.010871132
81.965	0.010450159
81.998	0.009781174
82.031	0.008905892
82.065	0.007853109
82.098	0.00662719
82.131	0.005236162
82.165	0.003731165
82.198	0.002204351
82.231	0.000736529
82.265	-0.000651531
82.298	-0.001980949
82.331	-0.003263068
82.365	-0.004482704
82.398	-0.005596049
82.431	-0.006519677
82.465	-0.007169114
82.498	-0.007514341
82.531	-0.007567748
82.565	-0.007335444
82.598	-0.006805039
82.631	-0.005972342
82.664	-0.004854808
82.698	-0.003496942
82.731	-0.001982694
82.764	-0.000423242
82.798	0.001097638
82.831	0.002562492
82.864	0.003994186
82.898	0.005385388
82.931	0.0066888
82.964	0.007864454
82.998	0.00889891
83.031	0.009776811
83.064	0.010457664
83.098	0.010887887
83.131	0.011030481
83.164	0.010876543
83.198	0.010438116
83.231	0.009756565
83.264	0.008893674
83.298	0.007900582
83.331	0.006802072
83.364	0.005608965
83.397	0.004332256
83.431	0.002967758
83.464	0.00150011
83.497	-5.00909E-05
83.531	-0.00160867
83.564	-0.00309028
83.597	-0.004440118
83.631	-0.005617342
83.664	-0.006557377
83.697	-0.007195643
83.731	-0.007517482
83.764	-0.007545931
83.797	-0.007297571
83.831	-0.00677467
83.864	-0.005992064
83.897	-0.004988849
83.931	-0.003820351
83.964	-0.002545214
83.997	-0.001201834
84.031	0.000194081
84.064	0.001609019
84.097	0.002991494
84.131	0.004315152
84.164	0.005580341
84.197	0.006777113
84.23	0.00788435
84.264	0.008885471
84.297	0.009754122
84.33	0.010438814
84.364	0.010878812
84.397	0.011033273
84.43	0.010890505
84.464	0.010459933
84.497	0.009777509
84.53	0.008895943
84.564	0.007854854
84.597	0.00666995
84.63	0.005356765
84.664	0.003961199
84.697	0.002542596
84.73	0.001124341
84.764	-0.000297928
84.797	-0.001701172
84.83	-0.003026226
84.864	-0.004224919
84.897	-0.005276479
84.93	-0.00615438
84.963	-0.006802595
84.997	-0.007147821
85.03	-0.007140491
85.063	-0.006783048
85.097	-0.006130644
85.13	-0.005264611
85.163	-0.004252844
85.197	-0.003131644
85.23	-0.001921957
85.263	-0.000645597
85.297	0.000687311
85.33	0.00207572
85.363	0.003490135
85.397	0.004869643
85.43	0.006171135
85.463	0.007368431
85.497	0.008425228
85.53	0.009311506
85.563	0.010023251
85.597	0.010542836
85.63	0.010811966
85.663	0.010772172
85.697	0.010409318
85.73	0.00976407
85.763	0.008907811
85.796	0.007902153
85.83	0.006782175
85.863	0.005569171
85.896	0.004288972
85.93	0.002958508
85.963	0.00158825
85.996	0.000220435
86.03	-0.00107617
86.063	-0.002262819
86.096	-0.003349287
86.13	-0.004361578
86.163	-0.005304056
86.196	-0.006139021
86.23	-0.006785317
86.263	-0.007145203
86.296	-0.007145378
86.33	-0.006766642
86.363	-0.006044948
86.396	-0.005051681
86.43	-0.00386922
86.463	-0.002574012
86.496	-0.001211782
86.529	0.000199142
86.563	0.001625774
86.596	0.00301558
86.629	0.004339761
86.663	0.00559029
86.696	0.006746396
86.729	0.007776489
86.763	0.008663291
86.796	0.009405928
86.829	0.010001958
86.863	0.010413332
86.896	0.01056378
86.929	0.010405129
86.963	0.009961292
86.996	0.009288293
87.029	0.008417548
87.063	0.007374016
87.096	0.006211627
87.129	0.004985708
87.163	0.003729245
87.196	0.002464579
87.229	0.001201485
87.263	-6.353E-05
87.296	-0.001321389
87.329	-0.00255045
87.362	-0.003720344
87.396	-0.004775221
87.429	-0.005660626
87.462	-0.006346541
87.496	-0.006789854
87.529	-0.006916042
87.562	-0.006677804
87.596	-0.006104289
87.629	-0.005277876
87.662	-0.004276755
87.696	-0.003149098
87.729	-0.001924051
87.762	-0.000630587
87.796	0.000715934
87.829	0.002105565
87.862	0.003494498
87.896	0.004806113
87.929	0.005982814
87.962	0.007005228
87.996	0.007862883
88.029	0.008534486
88.062	0.009001187
88.095	0.009275901
88.129	0.00939982
88.162	0.009405405
88.195	0.009286373
88.229	0.008999092
88.262	0.008489805
88.295	0.007737219
88.329	0.006764722
88.362	0.005627465
88.395	0.00439631
88.429	0.003123441
88.462	0.001832072
88.495	0.000540878
88.529	-0.000731642
88.562	-0.001962797
88.595	-0.003100926
88.629	-0.004076915
88.662	-0.004836656
88.695	-0.005357812
88.729	-0.005660277
88.762	-0.005792748
88.795	-0.005787861
88.829	-0.005631828
88.862	-0.005267229
88.895	-0.004631057
88.928	-0.003712839
88.962	-0.002568601
88.995	-0.001267633
89.028	0.000138579
89.062	0.001589122
89.095	0.003013835
89.128	0.004371526
89.162	0.005643697
89.195	0.006792472
89.228	0.007762177
89.262	0.008506735
89.295	0.009008342
89.328	0.009290388
89.362	0.009405405
89.395	0.009396504
89.428	0.009267698
89.462	0.008986177
89.495	0.008512145
89.528	0.007837052
89.562	0.006988473
89.595	0.006000966
89.628	0.004897917
89.661	0.003705334
89.695	0.002463009
89.728	0.001206895
89.761	-3.75246E-05
89.795	-0.00123517
89.828	-0.002348341
89.861	-0.003352603
89.895	-0.004223348
89.928	-0.004918512
89.961	-0.005394289
89.995	-0.005629734
90.028	-0.00562764
90.061	-0.005387657
90.095	-0.004906819
90.128	-0.004205545
90.161	-0.003330612
90.195	-0.002328793
90.228	-0.001234646
90.261	-8.37758E-05
90.295	0.001077392
90.328	0.002217964
90.361	0.003347716
90.395	0.00449143
90.428	0.005643173
90.461	0.006743778
90.494	0.007707898
90.528	0.008466592
90.561	0.008987922
90.594	0.009288642
90.628	0.009420066
90.661	0.009423207
90.694	0.009298416
90.728	0.009004677
90.761	0.008488234
90.794	0.007727271
90.828	0.00674465
90.861	0.00559762
90.894	0.004362974
90.928	0.003104243
90.961	0.001861568
90.994	0.00067073
91.028	-0.000444012
91.061	-0.001487195
91.094	-0.002472957
91.128	-0.003397982
91.161	-0.004227711
91.194	-0.004897743
91.227	-0.00533774
91.261	-0.005507561
91.294	-0.005403365
91.327	-0.005047841
91.361	-0.004484973
91.394	-0.003754901
91.427	-0.002863911
91.461	-0.001815666
91.494	-0.0006538
91.527	0.000563567
91.561	0.001788962
91.594	0.00297631
91.627	0.00409175
91.661	0.005132664
91.694	0.006110049
91.727	0.007021983
91.761	0.007840019
91.794	0.008514414
91.827	0.008997696
91.861	0.009277472
91.894	0.009371196
91.927	0.009290911
91.961	0.009022654
91.994	0.008543736
92.027	0.007857647
92.06	0.006997898
92.094	0.006000617
92.127	0.004889365
92.16	0.003689102
92.194	0.002441017
92.227	0.001186126
92.26	-4.24115E-05
92.294	-0.001198343
92.327	-0.002234196
92.36	-0.003127805
92.394	-0.003883009
92.427	-0.004510454
92.46	-0.0049885
92.494	-0.005254488
92.527	-0.005254488
92.56	-0.0049885
92.594	-0.004510454
92.627	-0.003883009
92.66	-0.003127805
92.694	-0.002234196
92.727	-0.001198343
92.76	-4.24115E-05
92.793	0.0011863
92.827	0.002441716
92.86	0.00369015
92.893	0.004890413
92.927	0.006001489
92.96	0.0069972
92.993	0.007853807
93.027	0.008534835
93.06	0.009007295
93.093	0.00927084
93.127	0.009353219
93.16	0.009278345
93.193	0.009044645
93.227	0.00864322
93.26	0.008081049
93.293	0.007370525
93.327	0.006500828
93.36	0.005468815
93.393	0.004316374
93.427	0.003103544
93.46	0.001879371
93.493	0.000691674
93.527	-0.000425686
93.56	-0.00147044
93.593	-0.002454806
93.626	-0.003376689
93.66	-0.004206942
93.693	-0.004889889
93.726	-0.005368458
93.76	-0.005612804
93.793	-0.005620309
93.826	-0.005389402
93.86	-0.004916942
93.893	-0.004223173
93.926	-0.003353301
93.96	-0.002349039
93.993	-0.001236042
94.026	-3.83972E-05
94.06	0.001205673
94.093	0.002461263
94.126	0.003703589
94.16	0.004897219
94.193	0.006003234
94.226	0.006997374
94.26	0.007855203
94.293	0.008540943
94.326	0.009021258
94.359	0.00929318
94.393	0.009379225
94.426	0.009293704
94.459	0.009022305
94.493	0.008542165
94.526	0.007856251
94.559	0.00699685
94.593	0.006000093
94.626	0.004889016
94.659	0.003689102
94.693	0.002441192
94.726	0.001186126
94.759	-4.2586E-05
94.793	-0.001198692
94.826	-0.002235243
94.859	-0.003129375
94.893	-0.003884928
94.926	-0.004511676
94.959	-0.004987278
94.993	-0.005248554
95.026	-0.005241049
95.059	-0.004967207
95.093	-0.004485845
95.126	-0.003869569
95.159	-0.003153635
95.192	-0.002341534
95.226	-0.001433963
95.259	-0.000430573
95.292	0.000670905
95.326	0.001857554
95.359	0.003087138
95.392	0.004307124
95.426	0.005467418
95.459	0.006508507
95.492	0.0073892
95.526	0.008111767
95.559	0.008681268
95.592	0.009074665
95.626	0.009267524
95.659	0.009249023
95.692	0.009007819
95.726	0.008536231
95.759	0.007857996
95.792	0.007027743
95.826	0.006100973
95.859	0.00511015
95.892	0.004062777
95.925	0.002958159
95.959	0.00181235
95.992	0.000673872
96.025	-0.000405964
96.059	-0.001403419
96.092	-0.00231291
96.125	-0.003133041
96.159	-0.003865904
96.192	-0.004514643
96.225	-0.005049238
96.259	-0.005394289
96.292	-0.005468989
96.325	-0.005218884
96.359	-0.004629486
96.392	-0.003756996
96.425	-0.002723586
96.459	-0.001650034
96.492	-0.00059411
96.525	0.000443837
96.559	0.0014947
96.592	0.002590243
96.625	0.003732561
96.659	0.004880813
96.692	0.005978451
96.725	0.006983062
96.758	0.0078566
96.792	0.008550019
96.825	0.009018465
96.858	0.009247278
96.892	0.009251641
96.925	0.009050405
96.958	0.008665909
96.992	0.00813655
97.025	0.007498982
97.058	0.006751981
97.092	0.005870589
97.125	0.004842765
97.158	0.003689277
97.192	0.002460042
97.225	0.001206895
97.258	-2.67035E-05
97.292	-0.001189267
97.325	-0.002230531
97.358	-0.003127805
97.392	-0.003885452
97.425	-0.004514294
97.458	-0.004993038
97.491	-0.005259026
97.525	-0.00525763
97.558	-0.004987976
97.591	-0.004504171
97.625	-0.00386922
97.658	-0.003106861
97.691	-0.002211681
97.725	-0.001188918
97.758	-7.29548E-05
97.791	0.001077392
97.825	0.002214997
97.858	0.003331834
97.891	0.004436627
97.925	0.005513495
97.958	0.006508158
97.991	0.007370525
98.025	0.008090997
98.058	0.008665734
98.091	0.009065589
98.125	0.00926351
98.158	0.009248325
98.191	0.009008866
98.225	0.008537976
98.258	0.00786009
98.291	0.007030012
98.324	0.006103242
98.358	0.005111197
98.391	0.004061207
98.424	0.002951003
98.458	0.001796816
98.491	0.000648564
98.524	-0.000437729
98.558	-0.001428028
98.591	-0.002302264
98.624	-0.003041411
98.658	-0.003637964
98.691	-0.004108331
98.724	-0.004465076
98.758	-0.00466352
98.791	-0.00462809
98.824	-0.004338889
98.858	-0.003839026
98.891	-0.003173358
98.924	-0.002367714
98.958	-0.001445482
98.991	-0.000426558
99.024	0.00067457
99.057	0.001828058
99.091	0.002977881
99.124	0.004068712
99.157	0.005074894
99.191	0.005990145
99.224	0.006809228
99.257	0.007529874
99.291	0.008147371
99.324	0.008626464
99.357	0.008894023
99.391	0.008890707
99.424	0.008615469
99.457	0.008126777
99.491	0.007499331
99.524	0.006774495
99.557	0.005967979
99.591	0.005099503
99.624	0.004192281
99.657	0.003259751
99.691	0.002304009
99.724	0.001318073
99.757	0.000294612
99.791	-0.000757996
99.824	-0.001794722
99.857	-0.002733709
99.89	-0.003511428
99.924	-0.004130496
99.957	-0.004617792
99.99	-0.004941551
100.024	-0.005008397
100.057	-0.004747645
100.09	-0.00417762
100.124	-0.003384892
100.157	-0.002467896
100.19	-0.001501158
100.224	-0.000527089
100.257	0.000436681
100.29	0.001388933
100.324	0.002333156
100.357	0.003270922
100.39	0.004194724
100.424	0.005085889
100.457	0.005912826
100.49	0.006641152
100.524	0.007254112
100.557	0.00777038
100.59	0.008210378
100.623	0.008533089
100.657	0.008646187
100.69	0.008488758
100.723	0.008086634
100.757	0.007511024
100.79	0.006811496
100.823	0.006012659
100.857	0.005137028
100.89	0.004202753
100.923	0.0032135
100.957	0.00216159
100.99	0.001043881
101.023	-0.000109607
101.057	-0.001220334
101.09	-0.002191959
101.123	-0.00295013
101.157	-0.003462733
101.19	-0.003752283
101.223	-0.003881787
101.257	-0.003912505
101.29	-0.003870966
101.323	-0.00373867
101.357	-0.003464828
101.39	-0.002997254
101.423	-0.002321113
101.456	-0.001462935
101.49	-0.00046164
101.523	0.000647517
101.556	0.001819157
101.59	0.002985909
101.623	0.004083198
101.656	0.005075417
101.69	0.005945988
101.723	0.006681993
101.756	0.007286226
101.79	0.007790103
101.823	0.008219628
101.856	0.008535882
101.89	0.008645838
101.923	0.008487711
101.956	0.008085412
101.99	0.007509105
102.023	0.006806959
102.056	0.006003234
102.09	0.00512132
102.123	0.004182158
102.156	0.003195
102.189	0.002161416
102.223	0.001089958
102.256	1.97222E-05
102.289	-0.000975988
102.323	-0.001835039
102.356	-0.002544865
102.389	-0.003106861
102.423	-0.003509508
102.456	-0.003753331
102.489	-0.003863984
102.523	-0.003862065
102.556	-0.003738495
102.589	-0.003455228
102.623	-0.002975437
102.656	-0.002301566
102.689	-0.001480388
102.723	-0.000570723
102.756	0.000381005
102.789	0.00134722
102.823	0.002315179
102.856	0.003277379
102.889	0.004221428
102.923	0.005121843
102.956	0.005936912
102.989	0.00661602
103.022	0.007126005
103.056	0.007479434
103.089	0.007723082
103.122	0.007882605
103.156	0.00793479
103.189	0.007846302
103.222	0.007615395
103.256	0.007240847
103.289	0.006701366
103.322	0.005985781
103.356	0.005112244
103.389	0.004108505
103.422	0.002999697
103.456	0.001824742
103.489	0.000647866
103.522	-0.000464781
103.556	-0.001469567
103.589	-0.002332283
103.622	-0.00301366
103.656	-0.00348455
103.689	-0.003752807
103.722	-0.003861366
103.755	-0.003850371
103.789	-0.003731688
103.822	-0.003489437
103.855	-0.003106337
103.889	-0.002591988
103.922	-0.001965764
103.955	-0.001220683
103.989	-0.000333358
104.022	0.000696212
104.055	0.001828407
104.089	0.002986433
104.122	0.004092273
104.155	0.005094442
104.189	0.005958205
104.222	0.006650926
104.255	0.007156897
104.289	0.007500727
104.322	0.007734776
104.355	0.007886794
104.389	0.007932172
104.422	0.007836005
104.455	0.0075948
104.489	0.007209082
104.522	0.006662271
104.555	0.005955063
104.588	0.005123589
104.622	0.004216192
104.655	0.003270922
104.688	0.002310292
104.722	0.001344602
104.755	0.000380307
104.788	-0.00056985
104.822	-0.001479167
104.855	-0.00230174
104.888	-0.002978928
104.922	-0.003464129
104.955	-0.003754203
104.988	-0.003883183
105.022	-0.003883358
105.055	-0.003754727
105.088	-0.003465177
105.122	-0.00298015
105.155	-0.002303311
105.188	-0.001480737
105.222	-0.000570897
105.255	0.000380831
105.288	0.001347743
105.321	0.002318146
105.355	0.00328471
105.388	0.004235041
105.421	0.005141391
105.455	0.005957507
105.488	0.006624572
105.521	0.007098254
105.555	0.007380474
105.588	0.007516784
105.621	0.007555879
105.655	0.007517482
105.688	0.007381696
105.721	0.007099127
105.755	0.006624048
105.788	0.005953842
105.821	0.005132315
105.855	0.004219333
105.888	0.00326394
105.921	0.002299297
105.955	0.001347394
105.988	0.000426908
106.021	-0.000441219
106.055	-0.001235519
106.088	-0.001944995
106.121	-0.002572964
106.154	-0.003106686
106.188	-0.003509159
106.221	-0.003753331
106.254	-0.003836583
106.288	-0.003754203
106.321	-0.003482979
106.354	-0.003000221
106.388	-0.002318321
106.421	-0.001489464
106.454	-0.000574737
106.488	0.000379958
106.521	0.001348441
106.554	0.002319543
106.588	0.00328628
106.621	0.004236787
106.654	0.00514366
106.688	0.005959601
106.721	0.006625793
106.754	0.007096334
106.788	0.007371922
106.821	0.007498109
106.854	0.007525336
106.887	0.007479085
106.921	0.007351327
106.954	0.00711082
106.987	0.006732259
107.021	0.006225764
107.054	0.005619088
107.087	0.004917116
107.121	0.00410868
107.154	0.003195349
107.187	0.00219161
107.221	0.001123468
107.254	4.36332E-05
107.287	-0.000965342
107.321	-0.001837832
107.354	-0.002558827
107.387	-0.003128328
107.421	-0.003529579
107.454	-0.003755949
107.487	-0.00382262
107.521	-0.00374216
107.554	-0.003509508
107.587	-0.00311838
107.621	-0.0025878
107.654	-0.00194482
107.687	-0.00119014
107.72	-0.000313112
107.754	0.000670905
107.787	0.001704489
107.82	0.002705435
107.854	0.003621384
107.887	0.004464203
107.92	0.005261819
107.954	0.005999918
107.987	0.006623874
108.02	0.007080452
108.054	0.007360926
108.087	0.007502123
108.12	0.007547327
108.154	0.007513991
108.187	0.007380997
108.22	0.007099825
108.254	0.00662527
108.287	0.005954889
108.32	0.005133188
108.354	0.004220381
108.387	0.003264987
108.42	0.002300518
108.453	0.001348267
108.487	0.000426384
108.52	-0.000445233
108.553	-0.001244594
108.587	-0.001960703
108.62	-0.002593734
108.653	-0.003125536
108.687	-0.003509857
108.72	-0.003707777
108.753	-0.003708127
108.787	-0.00351073
108.82	-0.003126234
108.853	-0.002593036
108.887	-0.001956863
108.92	-0.001235519
108.953	-0.000429526
108.987	0.000447153
109.02	0.001366942
109.053	0.002300868
109.087	0.003218911
109.12	0.004090877
109.153	0.004888318
109.187	0.005597096
109.22	0.006218783
109.253	0.006742556
109.286	0.007136826
109.32	0.007385535
109.353	0.007502647
109.386	0.007503869
109.42	0.00737995
109.453	0.007098429
109.486	0.006631029
109.52	0.005992763
109.553	0.005241398
109.586	0.004437674
109.62	0.00360585
109.653	0.002731266
109.686	0.001815491
109.72	0.000914727
109.753	8.70919E-05
109.786	-0.000663749
109.82	-0.001360484
109.853	-0.00201219
109.886	-0.002611536
109.92	-0.003119427
109.953	-0.00346378
109.986	-0.003582812
110.019	-0.003455403
110.053	-0.003103195
110.086	-0.002589545
110.119	-0.001992293
110.153	-0.001359611
110.186	-0.000709651
110.219	-4.2237E-05
110.253	0.000669857
110.286	0.001457874
110.319	0.002324779
110.353	0.003248232
110.386	0.004192804
110.419	0.00511172
110.453	0.005946511
110.486	0.006631378
110.519	0.007117104
110.553	0.007400894
110.586	0.007519577
110.619	0.007511723
110.653	0.007389375
110.686	0.007137524
110.719	0.006741858
110.752	0.006217561
110.786	0.005596224
110.819	0.00488762
110.852	0.004090528
110.886	0.003218736
110.919	0.002300868
110.952	0.001366942
110.986	0.000447153
111.019	-0.000429351
111.052	-0.001235519
111.086	-0.001956689
111.119	-0.002593036
111.152	-0.003126234
111.186	-0.003510904
111.219	-0.00370865
111.252	-0.00370865
111.286	-0.003510904
111.319	-0.003126234
111.352	-0.002593036
111.386	-0.001956689
111.419	-0.001235519
111.452	-0.000429351
111.486	0.000447153
111.519	0.001366942
111.552	0.002300868
111.585	0.003218736
111.619	0.004090528
111.652	0.004887795
111.685	0.005596224
111.719	0.006217735
111.752	0.006741858
111.785	0.007137524
111.819	0.0073892
111.852	0.007511374
111.885	0.007518704
111.919	0.007399847
111.952	0.007115882
111.985	0.00663068
112.019	0.005947035
112.052	0.005115735
112.085	0.00420188
112.119	0.003263766
112.152	0.002345373
112.185	0.001476723
112.219	0.000670206
112.252	-8.84882E-05
112.285	-0.000839154
112.319	-0.001604656
112.352	-0.002350086
112.385	-0.002996381
112.418	-0.003460639
112.452	-0.003699749
112.485	-0.003711966
112.518	-0.003510904
112.552	-0.003123267
112.585	-0.002601762
112.618	-0.002006954
112.652	-0.00136572
112.685	-0.000673697
112.718	9.07571E-05
112.752	0.000961327
112.785	0.001943948
112.818	0.002974914
112.852	0.003962421
112.885	0.004843463
112.918	0.005598667
112.952	0.006237458
112.985	0.006760533
113.018	0.00714468
113.052	0.007379776
113.085	0.00748467
113.118	0.007481179
113.151	0.00736878
113.185	0.007126703
113.218	0.006737844
113.251	0.006218608
113.285	0.005601983
113.318	0.004898965
113.351	0.004108331
113.385	0.003241775
113.418	0.002321288
113.451	0.001367989
113.485	0.000398982
113.518	-0.000566359
113.551	-0.001495747
113.585	-0.002338741
113.618	-0.003028844
113.651	-0.003504621
113.685	-0.003740066
113.718	-0.003743731
113.751	-0.003531674
113.785	-0.003125885
113.818	-0.002572092
113.851	-0.001923527
113.885	-0.001209513
113.918	-0.000445757
113.951	0.000335452
113.984	0.001097987
114.018	0.001833468
114.051	0.002568601
114.084	0.003330437
114.118	0.004108854
114.151	0.004866327
114.184	0.005570218
114.218	0.006204296
114.251	0.006744127
114.284	0.007147123
114.318	0.007386233
114.351	0.007464948
114.384	0.007390597
114.418	0.007157595
114.451	0.006763325
114.484	0.006233618
114.518	0.005605474
114.551	0.00489146
114.584	0.004091052
114.618	0.003217689
114.651	0.002299471
114.684	0.001366069
114.717	0.000446455
114.751	-0.000429875
114.784	-0.001236042
114.817	-0.001957736
114.851	-0.002594781
114.884	-0.003129201
114.917	-0.00351457
114.951	-0.003712839
114.984	-0.003712839
115.017	-0.003514395
115.051	-0.003129026
115.084	-0.002594781
115.117	-0.001957736
115.151	-0.001236042
115.184	-0.000429526
115.217	0.000447153
115.251	0.001366942
115.284	0.002300693
115.317	0.003218736
115.351	0.004090703
115.384	0.004888318
115.417	0.005596922
115.45	0.006218608
115.484	0.006742381
115.517	0.007136826
115.55	0.007385535
115.584	0.007502647
115.617	0.007503869
115.65	0.00737995
115.684	0.007098429
115.717	0.006631029
115.75	0.005992588
115.784	0.005241049
115.817	0.004437325
115.85	0.003605676
115.884	0.002731266
115.917	0.001815666
115.95	0.000914902
115.984	8.77901E-05
116.017	-0.000662876
116.05	-0.001359611
116.084	-0.002012016
116.117	-0.002613281
116.15	-0.003125012
116.184	-0.003474951
116.217	-0.003600789
116.25	-0.003478441
116.283	-0.003123965
116.317	-0.002591116
116.35	-0.001945693
116.383	-0.001226443
116.417	-0.00045588
116.45	0.000331089
116.483	0.001097289
116.517	0.001834167
116.55	0.002569648
116.583	0.00333131
116.617	0.004109552
116.65	0.004866676
116.683	0.005570218
116.717	0.006203947
116.75	0.006743778
116.783	0.007146774
116.817	0.007386059
116.85	0.007465122
116.883	0.007391295
116.917	0.007159341
116.95	0.006766467
116.983	0.006237283
117.016	0.005607917
117.05	0.004889889
117.083	0.004079533
117.116	0.003190287
117.15	0.002251998
117.183	0.001302365
117.216	0.000388336
117.25	-0.000431969
117.283	-0.001095718
117.316	-0.001561895
117.35	-0.001843242
117.383	-0.002004336
117.416	-0.002119528
117.45	-0.002232102
117.483	-0.002326698
117.516	-0.002330189
117.55	-0.002171539
117.583	-0.001834865
117.616	-0.001347569
117.65	-0.000751364
117.683	-8.11578E-05
117.716	0.000657291
117.75	0.001468171
117.783	0.002331062
117.816	0.003199712
117.849	0.004019319
117.883	0.004741187
117.916	0.005347514
117.949	0.005869891
117.983	0.006355442
118.016	0.006800501
118.049	0.007147123
118.083	0.007336841
118.116	0.007341204
118.149	0.00714852
118.183	0.006764024
118.216	0.006226113
118.249	0.005586799
118.283	0.004875577
118.316	0.00411025
118.349	0.00332398
118.383	0.002554115
118.416	0.001811652
118.449	0.001073901
118.483	0.00032149
118.516	-0.000424639
118.549	-0.001116487
118.582	-0.0017188
118.616	-0.002234196
118.649	-0.002674717
118.682	-0.003000221
118.716	-0.003126408
118.749	-0.003008773
118.782	-0.002691472
118.816	-0.002256536
118.849	-0.001738697
118.882	-0.001117534
118.916	-0.000378736
118.949	0.000450819
118.982	0.001318596
119.016	0.002169095
119.049	0.002960078
119.082	0.003680725
119.116	0.004354073
119.149	0.005004208
119.182	0.005633574
119.216	0.006229604
119.249	0.006753901
119.282	0.00714276
119.316	0.007345567
119.349	0.007345567
119.382	0.00714276
119.415	0.006754075
119.449	0.006229778
119.482	0.005634097
119.515	0.005005255
119.549	0.00435512
119.582	0.003681598
119.615	0.00295938
119.649	0.002165081
119.682	0.001309171
119.715	0.000434587
119.749	-0.000400553
119.782	-0.00113778
119.815	-0.001740093
119.849	-0.00221011
119.882	-0.002558653
119.915	-0.002755526
119.949	-0.002753955
119.982	-0.002573488
120.015	-0.002298773
120.049	-0.001989326
120.082	-0.001635723
120.115	-0.001199914
120.148	-0.000669857
120.182	-5.48033E-05
120.215	0.00064647
120.248	0.001438326
120.282	0.002300344
120.315	0.003190811
120.348	0.00406365
120.382	0.004876799
120.415	0.005606696
120.448	0.00624793
120.482	0.006780081
120.515	0.007157944
120.548	0.007345218
120.582	0.007337713
120.615	0.007146425
120.648	0.006799454
120.682	0.00635422
120.715	0.00586867
120.748	0.005345769
120.782	0.004738394
120.815	0.004015304
120.848	0.003195349
120.882	0.002328967
120.915	0.001473058
120.948	0.000675966
120.981	-4.11898E-05
121.015	-0.000686613
121.048	-0.001267982
121.081	-0.001775349
121.115	-0.002204525
121.148	-0.002548181
121.181	-0.00275378
121.215	-0.00275378
121.248	-0.002548181
121.281	-0.002204525
121.315	-0.001775349
121.348	-0.001267982
121.381	-0.000686613
121.415	-4.11898E-05
121.448	0.000675966
121.481	0.001473058
121.515	0.002328967
121.548	0.003195349
121.581	0.004015304
121.615	0.004738394
121.648	0.005346118
121.681	0.005869368
121.714	0.006355267
121.748	0.006800501
121.781	0.007147123
121.814	0.007336841
121.848	0.007341204
121.881	0.007148694
121.914	0.006764896
121.948	0.006228033
121.981	0.005589766
122.014	0.004878544
122.048	0.004111647
122.081	0.003320489
122.114	0.002540676
122.148	0.001783203
122.181	0.001028523
122.214	0.000266337
122.248	-0.000464432
122.281	-0.001089435
122.314	-0.00154322
122.348	-0.001813572
122.381	-0.001942726
122.414	-0.001990723
122.448	-0.002004162
122.481	-0.001999624
122.514	-0.001960005
122.547	-0.001836959
122.581	-0.00156399
122.614	-0.001089958
122.647	-0.000414865
122.681	0.000404742
122.714	0.001288751
122.747	0.002161241
122.781	0.002965489
122.814	0.003677409
122.847	0.004309218
122.881	0.004877672
122.914	0.005391671
122.947	0.005873906
122.981	0.006348635
123.014	0.006786015
123.047	0.00710157
123.081	0.007217111
123.114	0.007097556
123.147	0.006754599
123.181	0.006246359
123.214	0.005648235
123.247	0.00500735
123.28	0.004343601
123.314	0.00366205
123.347	0.002946988
123.38	0.00218585
123.414	0.00140115
123.447	0.000638965
123.48	-6.26573E-05
123.514	-0.000685391
123.547	-0.001206546
123.58	-0.001590519
123.614	-0.001826313
123.647	-0.00194482
123.68	-0.001990199
123.714	-0.001990199
123.747	-0.00194482
123.78	-0.001826313
123.814	-0.001590519
123.847	-0.001206546
123.88	-0.000685391
123.914	-6.26573E-05
123.947	0.000638965
123.98	0.00140115
124.014	0.00218585
124.047	0.002946988
124.08	0.00366205
124.113	0.004343077
124.147	0.005006302
124.18	0.005647013
124.213	0.006245486
124.247	0.006755122
124.28	0.007101396
124.313	0.007226187
124.347	0.007117104
124.38	0.006806784
124.413	0.006367485
124.447	0.00587408
124.48	0.00534542
124.513	0.004748343
124.547	0.004064523
124.58	0.00332014
124.613	0.002559351
124.647	0.00180467
124.68	0.001045103
124.713	0.000276286
124.747	-0.000461291
124.78	-0.001092751
124.813	-0.001553343
124.846	-0.001830327
124.88	-0.001964368
124.913	-0.002010096
124.946	-0.00200486
124.98	-0.001953547
125.013	-0.001830501
125.046	-0.001592089
125.08	-0.001206372
125.113	-0.000683645
125.146	-5.77704E-05
125.18	0.000648564
125.213	0.001416858
125.246	0.00220662
125.28	0.002965663
125.313	0.003662399
125.346	0.00429735
125.38	0.004877672
125.413	0.005403365
125.446	0.005888915
125.48	0.006348286
125.513	0.006740636
125.546	0.006973463
125.58	0.006973463
125.613	0.006740636
125.646	0.006348286
125.679	0.005888915
125.713	0.005403365
125.746	0.004877672
125.779	0.00429735
125.813	0.003662399
125.846	0.002965663
125.879	0.00220662
125.913	0.001416858
125.946	0.000648564
125.979	-5.77704E-05
126.013	-0.000683645
126.046	-0.001206372
126.079	-0.001592089
126.113	-0.001830501
126.146	-0.001953547
126.179	-0.00200486
126.213	-0.002010096
126.246	-0.001964368
126.279	-0.001830327
126.313	-0.001553343
126.346	-0.001092751
126.379	-0.000461291
126.412	0.000276286
126.446	0.001045103
126.479	0.00180467
126.512	0.002559351
126.546	0.00332014
126.579	0.004064523
126.612	0.004748343
126.646	0.00534542
126.679	0.00587408
126.712	0.006367485
126.746	0.006806784
126.779	0.007117104
126.812	0.007226012
126.846	0.007101396
126.879	0.006755122
126.912	0.006245486
126.946	0.005647013
126.979	0.005006128
127.012	0.004343077
127.046	0.00366205
127.079	0.002947338
127.112	0.002186898
127.146	0.001402547
127.179	0.000640361
127.212	-6.23083E-05
127.245	-0.000688009
127.279	-0.001214749
127.312	-0.001606227
127.345	-0.001850224
127.379	-0.001971698
127.412	-0.002005034
127.445	-0.001964368
127.479	-0.001835912
127.512	-0.001587377
127.545	-0.001197819
127.579	-0.000688358
127.612	-0.000104022
127.645	0.000525519
127.679	0.001187522
127.712	0.001875705
127.745	0.002596003
127.779	0.003341782
127.812	0.004063999
127.845	0.00468778
127.879	0.005160415
127.912	0.0054929
127.945	0.005756445
127.978	0.006029414
128.012	0.006335022
128.045	0.00660642
128.078	0.006724928
128.112	0.006617765
128.145	0.00631303
128.178	0.005886297
128.212	0.005375614
128.245	0.004769985
128.278	0.00406941
128.312	0.003314904
128.345	0.002564063
128.378	0.001850922
128.412	0.001172512
128.445	0.000518712
128.478	-0.000105243
128.512	-0.000687136
128.545	-0.001196074
128.578	-0.001585632
128.612	-0.00183469
128.645	-0.001963844
128.678	-0.002005209
128.712	-0.001972571
128.745	-0.001851794
128.778	-0.001608495
128.811	-0.001217018
128.845	-0.000688881
128.878	-5.86431E-05
128.911	0.000652055
128.945	0.001426458
128.978	0.002223899
129.011	0.002990796
129.045	0.003690324
129.078	0.004312883
129.111	0.004851317
129.145	0.005291489
129.178	0.005643697
129.211	0.00594529
129.245	0.00620866
129.278	0.006380051
129.311	0.006386683
129.345	0.006225589
129.378	0.005963266
129.411	0.005644744
129.445	0.005246634
129.478	0.004723035
129.511	0.004068712
129.544	0.003333055
129.578	0.002584309
129.611	0.001866281
129.644	0.001181588
129.678	0.000522726
129.711	-0.000104894
129.744	-0.000688532
129.778	-0.001198169
129.811	-0.001587726
129.844	-0.001836086
129.878	-0.001963495
129.911	-0.002001544
129.944	-0.00196367
129.978	-0.001836435
130.011	-0.00158825
130.044	-0.001198867
130.078	-0.000688881
130.111	-0.00010472
130.144	0.000524471
130.178	0.0011863
130.211	0.001874658
130.244	0.002596177
130.277	0.003344749
130.311	0.004071853
130.344	0.004702615
130.377	0.005181883
130.411	0.00551559
130.444	0.00576587
130.477	0.005998697
130.511	0.006226288
130.544	0.006380575
130.577	0.006367659
130.611	0.006165201
130.644	0.005825909
130.677	0.005396558
130.711	0.004888667
130.744	0.004317421
130.777	0.00371249
130.811	0.003089582
130.844	0.002456551
130.877	0.0018216
130.911	0.00118281
130.944	0.000540878
130.977	-8.77901E-05
131.011	-0.000681377
131.044	-0.001203754
131.077	-0.001603609
131.11	-0.00185354
131.144	-0.001965415
131.177	-0.001960179
131.21	-0.001844115
131.244	-0.001607623
131.277	-0.001251227
131.31	-0.000810356
131.344	-0.000331089
131.377	0.000186227
131.41	0.000781558
131.444	0.001472534
131.477	0.002223026
131.51	0.002971074
131.544	0.003668333
131.577	0.004296477
131.61	0.004843114
131.644	0.005291489
131.677	0.005652074
131.71	0.005961696
131.744	0.006230476
131.777	0.006399948
131.81	0.006387556
131.843	0.006179513
131.877	0.005834112
131.91	0.005399874
131.943	0.004888842
131.977	0.004316374
132.01	0.003711443
132.043	0.003088884
132.077	0.002456027
132.11	0.001821251
132.143	0.001182635
132.177	0.000540878
132.21	-8.77901E-05
132.243	-0.000681377
132.277	-0.001203754
132.31	-0.001603434
132.343	-0.001853365
132.377	-0.001965241
132.41	-0.001960005
132.443	-0.001844115
132.477	-0.001607972
132.51	-0.001252099
132.543	-0.000811927
132.577	-0.000333358
132.61	0.000184132
132.643	0.000781209
132.676	0.001476898
132.71	0.002235941
132.743	0.002995858
132.776	0.003705159
132.81	0.00433662
132.843	0.004863185
132.876	0.005246983
132.91	0.005477192
132.943	0.005586973
132.976	0.005624324
133.01	0.005626942
133.043	0.005607917
133.076	0.005556605
133.11	0.005441064
133.143	0.00522412
133.176	0.004889365
133.21	0.004465076
133.243	0.003995408
133.276	0.003482281
133.31	0.002886251
133.343	0.002190563
133.376	0.001431345
133.41	0.00067073
133.443	-3.9968E-05
133.476	-0.000675268
133.509	-0.001209513
133.543	-0.001605703
133.576	-0.001851445
133.609	-0.001973444
133.643	-0.002006256
133.676	-0.001965066
133.709	-0.001836261
133.743	-0.001587726
133.776	-0.001198867
133.809	-0.000689929
133.843	-0.000106465
133.876	0.000522726
133.909	0.001186126
133.943	0.001879196
133.976	0.002608918
134.009	0.003369358
134.043	0.004108156
134.076	0.004742234
134.109	0.005201081
134.143	0.005469862
134.176	0.00559029
134.209	0.005624673
134.242	0.005623974
134.276	0.005616295
134.309	0.005603554
134.342	0.005562888
134.376	0.005451885
134.409	0.005221152
134.442	0.004842765
134.476	0.00433662
134.509	0.003751934
134.542	0.003126059
134.576	0.002481335
134.609	0.00183469
134.642	0.001187871
134.676	0.00054175
134.709	-8.84882E-05
134.742	-0.000682773
134.776	-0.001206023
134.809	-0.001608146
134.842	-0.001862964
134.876	-0.001980774
134.909	-0.001980774
134.942	-0.001862964
134.975	-0.001608146
135.009	-0.001206023
135.042	-0.000682773
135.075	-8.84882E-05
135.109	0.00054175
135.142	0.001187871
135.175	0.00183469
135.209	0.002481335
135.242	0.003126059
135.275	0.003751934
135.309	0.00433662
135.342	0.004842765
135.375	0.005220978
135.409	0.00545171
135.442	0.005562888
135.475	0.005603903
135.509	0.005616993
135.542	0.005625022
135.575	0.00562572
135.609	0.005590988
135.642	0.005468989
135.675	0.005197067
135.709	0.004733158
135.742	0.004092972
135.775	0.003349112
135.808	0.002591116
135.842	0.001879894
135.875	0.001233075
135.908	0.000651357
135.942	0.00013439
135.975	-0.000341561
136.008	-0.000808087
136.042	-0.001250877
136.075	-0.001610415
136.108	-0.001835912
136.142	-0.001913928
136.175	-0.001844289
136.208	-0.001625425
136.242	-0.001268854
136.275	-0.000818559
136.308	-0.000326726
136.342	0.000200887
136.375	0.000799535
136.408	0.001478119
136.442	0.002191435
136.475	0.002868274
136.508	0.003462035
136.541	0.003980223
136.575	0.004456175
136.608	0.004885351
136.641	0.005223421
136.675	0.005441762
136.708	0.005557826
136.741	0.005608965
136.775	0.005627291
136.808	0.005624673
136.841	0.005586973
136.875	0.005477192
136.908	0.005246809
136.941	0.004863185
136.975	0.004336794
137.008	0.003705683
137.041	0.00299673
137.075	0.002236989
137.108	0.001477596
137.141	0.000780511
137.175	0.000180293
137.208	-0.000342434
137.241	-0.000827635
137.275	-0.001272869
137.308	-0.001626647
137.341	-0.001844289
137.374	-0.001913928
137.408	-0.001835912
137.441	-0.001609019
137.474	-0.001246863
137.508	-0.000798837
137.541	-0.000325853
137.574	0.00015516
137.608	0.000670206
137.641	0.001233424
137.674	0.001833643
137.708	0.002461612
137.741	0.003104243
137.774	0.003735354
137.808	0.004326671
137.841	0.004839623
137.874	0.005224469
137.908	0.005461659
137.941	0.005579643
137.974	0.005625196
138.008	0.005635843
138.041	0.005624673
138.074	0.005578596
138.107	0.005460786
138.141	0.005224818
138.174	0.004843289
138.207	0.004335572
138.241	0.003750713
138.274	0.003125012
138.307	0.002480811
138.341	0.001834341
138.374	0.001187871
138.407	0.00054175
138.441	-8.84882E-05
138.474	-0.000682773
138.507	-0.001205848
138.541	-0.001608146
138.574	-0.001862964
138.607	-0.001980774
138.641	-0.001980774
138.674	-0.001862964
138.707	-0.001608146
138.741	-0.001205848
138.774	-0.000682773
138.807	-8.84882E-05
138.841	0.00054175
138.874	0.001187871
138.907	0.001834341
138.94	0.002480811
138.974	0.003125012
139.007	0.003750713
139.04	0.004335572
139.074	0.004843289
139.107	0.005224818
139.14	0.005460786
139.174	0.005578596
139.207	0.005624673
139.24	0.005635843
139.274	0.005625196
139.307	0.005579643
139.34	0.005461659
139.374	0.005224469
139.407	0.004839623
139.44	0.004326671
139.474	0.003735354
139.507	0.003104243
139.54	0.002461612
139.574	0.001833643
139.607	0.001233424
139.64	0.000670206
139.673	0.00015516
139.707	-0.000325853
139.74	-0.000799012
139.773	-0.001247212
139.807	-0.001609543
139.84	-0.001836959
139.873	-0.00191515
139.907	-0.001845162
139.94	-0.001626123
139.973	-0.001269029
140.007	-0.000818559
140.04	-0.000326726
140.073	0.000201062
140.107	0.000799535
140.14	0.001477945
140.173	0.002190737
140.207	0.002867227
140.24	0.003460813
140.273	0.003979351
140.307	0.004456873
140.34	0.00488954
140.373	0.005233195
140.407	0.005458517
140.44	0.005579643
140.473	0.005628512
140.506	0.005627116
140.54	0.005574582
140.573	0.005448394
140.606	0.005216789
140.64	0.004868421
140.673	0.004437849
140.706	0.003979002
140.74	0.003507065
140.773	0.00299673
140.806	0.002435607
140.84	0.001835388
140.873	0.001206023
140.906	0.00055868
140.94	-8.20305E-05
140.973	-0.000689231
141.006	-0.001222952
141.04	-0.001626472
141.073	-0.001864012
141.106	-0.001935919
141.14	-0.001852492
141.173	-0.001618618
141.206	-0.001250877
141.239	-0.000799535
141.273	-0.00032498
141.306	0.000156382
141.339	0.000671254
141.373	0.001233948
141.406	0.001834167
141.439	0.002461787
141.473	0.003104243
141.506	0.003735179
141.539	0.004326497
141.573	0.004839449
141.606	0.005224294
141.639	0.005461659
141.673	0.005579643
141.706	0.00562572
141.739	0.005636366
141.773	0.005625545
141.806	0.005579643
141.839	0.005461659
141.873	0.005224294
141.906	0.004839623
141.939	0.004326846
141.973	0.003735877
142.006	0.003105464
142.039	0.002462834
142.072	0.001834865
142.106	0.001233424
142.139	0.000667239
142.172	0.000147131
142.206	-0.000340688
142.239	-0.000820305
142.272	-0.001269552
142.306	-0.001618444
142.339	-0.001805194
142.372	-0.001805194
142.406	-0.001618444
142.439	-0.001269552
142.472	-0.000820305
142.506	-0.000340688
142.539	0.000147306
142.572	0.000667239
142.606	0.001233424
142.639	0.001834865
142.672	0.002462834
142.706	0.00310529
142.739	0.003735877
142.772	0.004326846
142.805	0.004839798
142.839	0.005224469
142.872	0.005462357
142.905	0.00558069
142.939	0.005626767
142.972	0.005637239
143.005	0.005625022
143.039	0.005575803
143.072	0.005452583
143.105	0.005208586
143.139	0.00481868
143.172	0.004308171
143.205	0.003735703
143.239	0.003151366
143.272	0.002592338
143.305	0.002079734
143.339	0.001591042
143.372	0.001073727
143.405	0.000504575
143.439	-9.65167E-05
143.472	-0.000691849
143.505	-0.001224872
143.539	-0.001620189
143.572	-0.001824393
143.605	-0.001823345
143.638	-0.001625774
143.672	-0.001262222
143.705	-0.000799361
143.738	-0.000313461
143.772	0.000163886
143.805	0.000642979
143.838	0.001123643
143.872	0.001591042
143.905	0.002059489
143.938	0.002569474
143.972	0.003133913
144.005	0.003725056
144.038	0.00430468
144.072	0.004821821
144.105	0.005218534
144.138	0.005469338
144.172	0.00559762
144.205	0.00564422
144.238	0.005637763
144.272	0.00558069
144.305	0.005451187
144.338	0.005217313
144.371	0.004866851
144.405	0.004433136
144.438	0.003969228
144.471	0.003491182
144.505	0.002975786
144.538	0.002416757
144.571	0.001835214
144.605	0.001252274
144.638	0.000688183
144.671	0.000162665
144.705	-0.000331613
144.738	-0.000816465
144.771	-0.001268854
144.805	-0.001619316
144.838	-0.001806416
144.871	-0.001806241
144.905	-0.001619142
144.938	-0.001269727
144.971	-0.000820305
145.005	-0.000340688
145.038	0.000147306
145.071	0.000667414
145.105	0.001233424
145.138	0.001834865
145.171	0.002463009
145.204	0.003105464
145.238	0.003735877
145.271	0.004326846
145.304	0.004839449
145.338	0.00522412
145.371	0.005461484
145.404	0.005579643
145.438	0.00562572
145.471	0.005636541
145.504	0.005626243
145.538	0.00558069
145.571	0.005462706
145.604	0.005224992
145.638	0.004838751
145.671	0.004323181
145.704	0.003726802
145.738	0.003089582
145.771	0.002442065
145.804	0.00181619
145.838	0.001233075
145.871	0.000713491
145.904	0.000276635
145.937	-9.58186E-05
145.971	-0.000462687
146.004	-0.00086324
146.037	-0.001261524
146.071	-0.001561546
146.104	-0.001677087
146.137	-0.001573065
146.171	-0.001269203
146.204	-0.000835315
146.237	-0.000352382
146.271	0.000147306
146.304	0.000679108
146.337	0.001248259
146.371	0.001834516
146.404	0.00241763
146.437	0.002977008
146.471	0.003492055
146.504	0.003969926
146.537	0.004433311
146.571	0.004866676
146.604	0.005216789
146.637	0.00545014
146.671	0.005579469
146.704	0.005637064
146.737	0.005644918
146.77	0.00560146
146.804	0.005478239
146.837	0.005234068
146.87	0.004842765
146.904	0.004323704
146.937	0.003726103
146.97	0.003088535
147.004	0.002441192
147.037	0.001815491
147.07	0.001232726
147.104	0.000713316
147.137	0.000276635
147.17	-9.58186E-05
147.204	-0.000462512
147.237	-0.00086324
147.27	-0.001261349
147.304	-0.001561546
147.337	-0.001676912
147.37	-0.001573065
147.404	-0.001269203
147.437	-0.000835315
147.47	-0.000352557
147.503	0.000147131
147.537	0.000678933
147.57	0.001248259
147.603	0.001834341
147.637	0.00241763
147.67	0.002977008
147.703	0.003492404
147.737	0.00397045
147.77	0.004434358
147.803	0.004868072
147.837	0.005218011
147.87	0.005450314
147.903	0.005576676
147.937	0.005628687
147.97	0.00562921
148.003	0.005577549
148.037	0.00545206
148.07	0.00522028
148.103	0.004870516
148.137	0.004435056
148.17	0.003966959
148.203	0.003480536
148.237	0.002953097
148.27	0.002380629
148.303	0.001791057
148.336	0.001219985
148.37	0.000709127
148.403	0.000301942
148.436	2.96706E-06
148.47	-0.000233351
148.503	-0.000458847
148.536	-0.000679457
148.57	-0.000829904
148.603	-0.00082973
148.636	-0.000679457
148.67	-0.000459894
148.703	-0.000237016
148.736	-5.93412E-06
148.77	0.000286583
148.803	0.000688358
148.836	0.001200961
148.87	0.001790184
148.903	0.002425659
148.936	0.003081379
148.97	0.003724358
149.003	0.004324577
149.036	0.00484451
149.069	0.005235813
149.103	0.00547981
149.136	0.005602681
149.169	0.005646489
149.203	0.005638112
149.236	0.005579469
149.269	0.005447696
149.303	0.005209808
149.336	0.004853412
149.369	0.00441324
149.403	0.003947586
149.436	0.003480012
149.469	0.002999348
149.503	0.002509958
149.536	0.002035927
149.569	0.001577603
149.603	0.001115789
149.636	0.000659734
149.669	0.000247837
149.703	-0.000103847
149.736	-0.000413119
149.769	-0.000680678
149.803	-0.000849801
149.836	-0.000851721
149.869	-0.000695863
149.902	-0.000468272
149.936	-0.00023719
149.969	2.26893E-06
150.002	0.000302815
150.036	0.000710349
150.069	0.001220858
150.102	0.00179158
150.136	0.002380804
150.169	0.002953272
150.202	0.003480536
150.236	0.003966959
150.269	0.004435056
150.302	0.004870341
150.336	0.00522028
150.369	0.00545206
150.402	0.005577549
150.436	0.00562921
150.469	0.00562921
150.502	0.0055772
150.536	0.005451361
150.569	0.005219058
150.602	0.004868945
150.635	0.004433485
150.669	0.00396661
150.702	0.003483328
150.735	0.002961475
150.769	0.002397035
150.802	0.00181619
150.835	0.001248958
150.869	0.000726581
150.902	0.000278031
150.935	-0.000107338
150.969	-0.000480489
151.002	-0.000870919
151.035	-0.001232028
151.069	-0.00145735
151.102	-0.001460317
151.135	-0.001231504
151.169	-0.000838456
151.202	-0.000371057
151.235	0.000127758
151.269	0.000664796
151.302	0.001240231
151.335	0.001831374
151.369	0.002417106
151.402	0.002977881
151.435	0.003493451
151.468	0.003971497
151.502	0.004434882
151.535	0.004868421
151.568	0.005218185
151.602	0.005450489
151.635	0.005576851
151.668	0.005629036
151.702	0.00562921
151.735	0.005577374
151.768	0.005451012
151.802	0.005218011
151.835	0.004866327
151.868	0.004429297
151.902	0.00396085
151.935	0.00347687
151.968	0.002957635
152.002	0.002401049
152.035	0.001835563
152.068	0.001291718
152.102	0.000796743
152.135	0.000366345
152.168	-3.68264E-05
152.201	-0.000505273
152.235	-0.001116138
152.268	-0.001852492