x	y
0	0.2197195
0.033	0.208727416
0.066	0.196836488
0.1	0.183009989
0.133	0.166640895
0.166	0.14758923
0.2	0.126056405
0.233	0.102447162
0.266	0.07727742
0.3	0.051104113
0.333	0.02445887
0.366	-0.002177124
0.4	-0.028349034
0.433	-0.053606741
0.466	-0.077501171
0.5	-0.099600181
0.533	-0.119514737
0.566	-0.136905546
0.6	-0.151478522
0.633	-0.162989318
0.666	-0.171244027
0.699	-0.176100056
0.733	-0.177475201
0.766	-0.175343282
0.799	-0.169720878
0.833	-0.160677105
0.866	-0.148359619
0.899	-0.132991296
0.933	-0.114854708
0.966	-0.094280243
0.999	-0.071634945
1.033	-0.047313083
1.066	-0.021748722
1.099	0.004576951
1.133	0.031164425
1.166	0.057545251
1.199	0.083300551
1.233	0.108038673
1.266	0.13136622
1.299	0.152889272
1.333	0.17222368
1.366	0.189012177
1.399	0.202936413
1.433	0.213724294
1.466	0.221147179
1.499	0.225058462
1.532	0.225402292
1.566	0.222218811
1.599	0.215630193
1.632	0.205810971
1.666	0.192963602
1.699	0.177313235
1.732	0.159123937
1.766	0.138734302
1.799	0.116520973
1.832	0.092850469
1.866	0.068069761
1.899	0.042538212
1.932	0.016659342
1.966	-0.009114284
1.999	-0.034308635
2.032	-0.058467483
2.066	-0.081171598
2.099	-0.102033344
2.132	-0.120692834
2.166	-0.136823865
2.199	-0.15014509
2.232	-0.160420716
2.266	-0.167465913
2.299	-0.171160076
2.332	-0.171443343
2.365	-0.168302972
2.399	-0.16177387
2.432	-0.151960582
2.465	-0.139055792
2.499	-0.123321474
2.532	-0.105053113
2.565	-0.084562773
2.599	-0.062186954
2.632	-0.038305963
2.665	-0.013343915
2.699	0.01225832
2.732	0.038057428
2.765	0.063613935
2.799	0.088489589
2.832	0.112244568
2.865	0.134443585
2.899	0.154686437
2.932	0.172626153
2.965	0.187964979
2.999	0.200449319
3.032	0.209860135
3.065	0.216015911
3.098	0.218790984
3.132	0.218143467
3.165	0.214122229
3.198	0.206879112
3.232	0.19660785
3.265	0.183516135
3.298	0.167826148
3.332	0.149773859
3.365	0.129625429
3.398	0.107688386
3.432	0.084317554
3.465	0.059917502
3.498	0.034931543
3.532	0.009805085
3.565	-0.015039153
3.598	-0.039185434
3.632	-0.062211039
3.665	-0.083706689
3.698	-0.103297835
3.732	-0.120642219
3.765	-0.13543371
3.798	-0.147415396
3.832	-0.156383944
3.865	-0.162195716
3.898	-0.164773044
3.931	-0.164087479
3.965	-0.160146874
3.998	-0.15299469
4.031	-0.142722729
4.065	-0.129491911
4.098	-0.11354763
4.131	-0.095198111
4.165	-0.07477549
4.198	-0.052620281
4.231	-0.029095162
4.265	-0.0046054
4.298	0.020397314
4.331	0.045440694
4.365	0.070065196
4.398	0.093831519
4.431	0.116325147
4.465	0.13717328
4.498	0.156048841
4.531	0.172650937
4.565	0.186696125
4.598	0.197929064
4.631	0.206132111
4.664	0.211146442
4.698	0.212888281
4.731	0.211355882
4.764	0.206606841
4.798	0.198747623
4.831	0.187931818
4.864	0.174364675
4.898	0.15829124
4.931	0.139990765
4.964	0.119773569
4.998	0.097980341
5.031	0.074988246
5.064	0.051196092
5.098	0.027008098
5.131	0.002831099
5.164	-0.020932781
5.198	-0.043895903
5.231	-0.065683721
5.264	-0.085923606
5.298	-0.104243804
5.331	-0.120303276
5.364	-0.133822073
5.397	-0.144577141
5.431	-0.152378239
5.464	-0.157081378
5.497	-0.158612206
5.531	-0.156955191
5.564	-0.15213494
5.597	-0.144219174
5.631	-0.133334777
5.664	-0.119673736
5.697	-0.103481793
5.731	-0.085042564
5.764	-0.064669161
5.797	-0.042707683
5.831	-0.019554145
5.864	0.004352502
5.897	0.028567549
5.931	0.052663914
5.964	0.076221495
5.997	0.09882124
6.031	0.120064341
6.064	0.139595099
6.097	0.157105813
6.131	0.172327004
6.164	0.185011882
6.197	0.194935824
6.23	0.201920632
6.264	0.205837151
6.297	0.206613822
6.33	0.204233193
6.364	0.198738897
6.397	0.190228671
6.43	0.178866578
6.464	0.16489033
6.497	0.148588431
6.53	0.130269805
6.564	0.110240755
6.597	0.088804447
6.63	0.066290048
6.664	0.043069141
6.697	0.019534249
6.73	-0.003919486
6.764	-0.026884877
6.797	-0.048939207
6.83	-0.069667435
6.864	-0.088691175
6.897	-0.105679686
6.93	-0.120349353
6.963	-0.132466476
6.997	-0.141843606
7.03	-0.14833309
7.063	-0.151827413
7.097	-0.152265316
7.13	-0.1496276
7.163	-0.143937129
7.197	-0.135272442
7.23	-0.123787477
7.263	-0.109703019
7.297	-0.093275108
7.33	-0.07479242
7.363	-0.054590583
7.397	-0.03303245
7.43	-0.010482273
7.463	0.012680515
7.497	0.036033544
7.53	0.059134897
7.563	0.081568137
7.597	0.102960289
7.63	0.122980437
7.663	0.141314248
7.697	0.157638138
7.73	0.171643882
7.763	0.183081548
7.796	0.19176107
7.83	0.197539855
7.863	0.200316674
7.896	0.20005313
7.93	0.196759693
7.963	0.190500943
7.996	0.181386833
8.03	0.169582648
8.063	0.155306902
8.096	0.138838149
8.13	0.120502244
8.163	0.100637954
8.196	0.079572877
8.23	0.057632168
8.263	0.035155993
8.296	0.012504237
8.33	-0.009947155
8.363	-0.031809149
8.396	-0.052690268
8.43	-0.072213172
8.463	-0.090034729
8.496	-0.105845318
8.529	-0.119361497
8.563	-0.130333335
8.596	-0.138562213
8.629	-0.143911473
8.663	-0.146305017
8.696	-0.14572103
8.729	-0.142179233
8.763	-0.135732336
8.796	-0.126468128
8.829	-0.114528331
8.863	-0.100124652
8.896	-0.083519939
8.929	-0.065001995
8.963	-0.044887774
8.996	-0.023542048
9.029	-0.001370782
9.063	0.021207496
9.096	0.043778094
9.129	0.065937317
9.163	0.087310619
9.196	0.107552599
9.229	0.126335832
9.263	0.143353491
9.296	0.158331208
9.329	0.17102429
9.362	0.18120881
9.396	0.188684055
9.429	0.193310923
9.462	0.1950196
9.496	0.193789143
9.529	0.189642241
9.562	0.182645216
9.596	0.172912911
9.629	0.160623
9.662	0.146021052
9.696	0.129398362
9.729	0.111061758
9.762	0.091321561
9.796	0.070490532
9.829	0.048891036
9.862	0.026868297
9.896	0.004800528
9.929	-0.016908226
9.962	-0.03784729
9.996	-0.057623616
10.029	-0.075880458
10.062	-0.092305054
10.095	-0.106630193
10.129	-0.118637011
10.162	-0.128150975
10.195	-0.135026874
10.229	-0.139137648
10.262	-0.140388875
10.295	-0.13874809
10.329	-0.13425282
10.362	-0.126989807
10.395	-0.117089951
10.429	-0.104727958
10.462	-0.090116411
10.495	-0.073491277
10.529	-0.055111564
10.562	-0.035275897
10.595	-0.014334913
10.629	0.007308043
10.662	0.02921367
10.695	0.050946684
10.729	0.072113689
10.762	0.092378008
10.795	0.111437178
10.829	0.129004266
10.862	0.14480194
10.895	0.158556356
10.928	0.169997513
10.962	0.178885776
10.995	0.185059006
11.028	0.188432727
11.062	0.188982506
11.095	0.186706597
11.128	0.181638161
11.162	0.173862719
11.195	0.163535082
11.228	0.150866784
11.262	0.136097459
11.295	0.119481226
11.328	0.101281806
11.362	0.081775482
11.395	0.06127659
11.428	0.040149554
11.462	0.018792309
11.495	-0.002389879
11.528	-0.023003789
11.562	-0.042687088
11.595	-0.061120558
11.628	-0.078028435
11.661	-0.093155902
11.695	-0.106256343
11.728	-0.117095187
11.761	-0.125464739
11.795	-0.131196749
11.828	-0.134171488
11.861	-0.13432019
11.895	-0.131637445
11.928	-0.126195159
11.961	-0.118130167
11.995	-0.107616478
12.028	-0.094846951
12.061	-0.080023172
12.095	-0.063359466
12.128	-0.045104369
12.161	-0.025569248
12.195	-0.005125334
12.228	0.015830136
12.261	0.036906034
12.295	0.057724147
12.328	0.077916036
12.361	0.097133158
12.395	0.115058213
12.428	0.131403396
12.461	0.145898006
12.494	0.158290891
12.528	0.168358998
12.561	0.175920462
12.594	0.180849272
12.628	0.183081548
12.661	0.18259111
12.694	0.179397158
12.728	0.173556413
12.761	0.165158936
12.794	0.154332834
12.828	0.141276025
12.861	0.126252929
12.894	0.109556586
12.928	0.091478815
12.961	0.072310038
12.994	0.05236075
13.028	0.031977399
13.061	0.01152982
13.094	-0.008620705
13.128	-0.028136627
13.161	-0.046696982
13.194	-0.063990752
13.227	-0.079720532
13.261	-0.093614225
13.294	-0.105432722
13.327	-0.114975659
13.361	-0.122078974
13.394	-0.126610722
13.427	-0.128478922
13.461	-0.127645528
13.494	-0.124131656
13.527	-0.11800206
13.561	-0.109353255
13.594	-0.098326265
13.627	-0.085122151
13.661	-0.069991543
13.694	-0.053210551
13.727	-0.035062443
13.761	-0.01583991
13.794	0.004129624
13.827	0.02447196
13.861	0.044783578
13.894	0.064677713
13.927	0.083818914
13.961	0.101912218
13.994	0.118668776
14.027	0.133799035
14.06	0.14702706
14.094	0.158102047
14.127	0.166819966
14.16	0.173038225
14.194	0.176669208
14.227	0.177667537
14.26	0.17604089
14.294	0.171833599
14.327	0.165119666
14.36	0.156012364
14.394	0.144690064
14.427	0.13137774
14.46	0.116316246
14.494	0.099754642
14.527	0.081948968
14.56	0.063166433
14.594	0.043711073
14.627	0.023944521
14.66	0.004250749
14.694	-0.015023271
14.727	-0.033568092
14.76	-0.051068159
14.793	-0.067203205
14.827	-0.081686645
14.86	-0.094276228
14.893	-0.104759723
14.927	-0.112958931
14.96	-0.118738065
14.993	-0.121999562
15.027	-0.122676924
15.06	-0.120749732
15.093	-0.116259349
15.127	-0.109296183
15.16	-0.0999852
15.193	-0.088482608
15.227	-0.074974458
15.26	-0.059678741
15.293	-0.042857258
15.327	-0.024821724
15.36	-0.005916143
15.393	0.013508325
15.427	0.033098249
15.46	0.052501424
15.493	0.07137716
15.527	0.089396811
15.56	0.10624622
15.593	0.121645086
15.626	0.135356916
15.66	0.147166337
15.693	0.156867226
15.726	0.164283305
15.76	0.169289782
15.793	0.171809513
15.826	0.171804452
15.86	0.169269361
15.893	0.16423461
15.926	0.156775422
15.96	0.147029329
15.993	0.135202105
16.026	0.121541762
16.06	0.106299976
16.093	0.089728773
16.126	0.07209449
16.16	0.053683535
16.193	0.034802738
16.226	0.015770446
16.26	-0.003094643
16.293	-0.021456729
16.326	-0.038964476
16.359	-0.055292205
16.393	-0.070158396
16.426	-0.083311023
16.459	-0.094527381
16.493	-0.103625957
16.526	-0.110466775
16.559	-0.11494721
16.593	-0.117004779
16.626	-0.11661016
16.659	-0.113752707
16.693	-0.108446382
16.726	-0.100758381
16.759	-0.090819953
16.793	-0.078819593
16.826	-0.064991
16.859	-0.0495958
16.893	-0.032903645
16.926	-0.015187332
16.959	0.003252247
16.993	0.022079288
17.026	0.040944028
17.059	0.059496703
17.093	0.07739296
17.126	0.094315498
17.159	0.109984541
17.192	0.124158011
17.226	0.136626817
17.259	0.147188328
17.292	0.155637642
17.326	0.161795338
17.359	0.165535578
17.392	0.166797451
17.426	0.165584099
17.459	0.16195329
17.492	0.155994561
17.526	0.147816821
17.559	0.137563186
17.592	0.12542861
17.626	0.111639811
17.659	0.096434677
17.692	0.08006855
17.726	0.062816843
17.759	0.044950955
17.792	0.026740539
17.826	0.008481428
17.859	-0.009493718
17.892	-0.026844386
17.925	-0.043247688
17.959	-0.058402207
17.992	-0.072032182
18.025	-0.083913162
18.059	-0.093869043
18.092	-0.101739605
18.125	-0.107376146
18.159	-0.110663997
18.192	-0.111541025
18.225	-0.110007405
18.259	-0.106120382
18.292	-0.099965478
18.325	-0.091642003
18.359	-0.081280681
18.392	-0.069056919
18.425	-0.055172127
18.459	-0.039842027
18.492	-0.023316203
18.525	-0.005900086
18.559	0.01205848
18.592	0.03020205
18.625	0.048195173
18.659	0.065733288
18.692	0.08253662
18.725	0.098339704
18.758	0.11287533
18.792	0.125866688
18.825	0.13706123
18.858	0.146265049
18.892	0.153342708
18.925	0.158193851
18.958	0.160745522
18.992	0.160955485
19.025	0.158815537
19.058	0.154366693
19.092	0.147715243
19.125	0.13900989
19.158	0.128403349
19.192	0.1160534
19.225	0.102156739
19.258	0.086950558
19.292	0.070690198
19.325	0.053653167
19.358	0.036153448
19.392	0.018519514
19.425	0.001059589
19.458	-0.015933634
19.491	-0.032163451
19.525	-0.047325126
19.558	-0.061134346
19.591	-0.073356188
19.625	-0.083817343
19.658	-0.09238848
19.691	-0.098957027
19.725	-0.103407617
19.758	-0.105627675
19.791	-0.105529937
19.825	-0.103082287
19.858	-0.09832452
19.891	-0.091367463
19.925	-0.082367498
19.958	-0.071498285
19.991	-0.058940991
20.025	-0.044897199
20.058	-0.029604449
20.091	-0.013341995
20.125	0.003584208
20.158	0.020861571
20.191	0.038178379
20.225	0.055224137
20.258	0.071691319
20.291	0.087297704
20.324	0.101798423
20.358	0.114973914
20.391	0.126618925
20.424	0.136544961
20.458	0.144569113
20.491	0.150515624
20.524	0.154241902
20.558	0.155668883
20.591	0.154787492
20.624	0.151641012
20.658	0.146314267
20.691	0.138926463
20.724	0.129620018
20.758	0.11855882
20.791	0.105943056
20.824	0.092000843
20.858	0.076958548
20.891	0.061051268
20.924	0.044541675
20.958	0.027713036
20.991	0.010857519
21.024	-0.005715255
21.057	-0.021687636
21.091	-0.036767281
21.124	-0.050698848
21.157	-0.06324951
21.191	-0.074208433
21.224	-0.083388516
21.257	-0.090625872
21.291	-0.095797108
21.324	-0.098837646
21.357	-0.099726194
21.391	-0.098462226
21.424	-0.095066339
21.457	-0.089584085
21.491	-0.082092609
21.524	-0.072709719
21.557	-0.061594415
21.591	-0.048929957
21.624	-0.034922293
21.657	-0.019819435
21.691	-0.003915995
21.724	0.012476835
21.757	0.029059558
21.791	0.045548381
21.824	0.061672954
21.857	0.077161006
21.89	0.091725953
21.924	0.105093605
21.957	0.117034624
21.99	0.127360166
22.024	0.13590076
22.057	0.142512591
22.09	0.147085703
22.124	0.149543476
22.157	0.149844719
22.19	0.14798926
22.224	0.144019334
22.257	0.138013481
22.29	0.130084451
22.324	0.120384085
22.357	0.10908622
22.39	0.096373591
22.424	0.082450925
22.457	0.067555761
22.49	0.05194414
22.524	0.035892871
22.557	0.019706513
22.59	0.003695211
22.623	-0.01184555
22.657	-0.02664664
22.69	-0.040480119
22.723	-0.053155573
22.757	-0.064489392
22.79	-0.07427877
22.823	-0.082318978
22.857	-0.08844456
22.89	-0.092542069
22.923	-0.094536283
22.957	-0.094383566
22.99	-0.092084269
23.023	-0.087697559
23.057	-0.081324489
23.09	-0.07308479
23.123	-0.063122276
23.157	-0.051609735
23.19	-0.038741073
23.223	-0.024729919
23.257	-0.009818873
23.29	0.00572468
23.323	0.02160578
23.357	0.037506951
23.39	0.053128695
23.423	0.06821026
23.456	0.082516375
23.49	0.095824859
23.523	0.107911613
23.556	0.118555504
23.59	0.127561054
23.623	0.134776419
23.656	0.140093914
23.69	0.143439012
23.723	0.144760052
23.756	0.144025093
23.79	0.141241817
23.823	0.136467818
23.856	0.129793504
23.89	0.12132761
23.923	0.111205399
23.956	0.099602275
23.99	0.086734486
24.023	0.072840793
24.056	0.058166239
24.09	0.042965468
24.123	0.027511974
24.156	0.012080296
24.189	-0.003067067
24.223	-0.017655751
24.256	-0.031404058
24.289	-0.044073927
24.323	-0.055493442
24.356	-0.065524198
24.389	-0.074019588
24.423	-0.080811537
24.456	-0.08573354
24.489	-0.088658363
24.523	-0.089514098
24.556	-0.088286433
24.589	-0.085023016
24.623	-0.079824204
24.656	-0.072820372
24.689	-0.064148704
24.723	-0.05394132
24.756	-0.042332437
24.789	-0.029488036
24.823	-0.015625758
24.856	-0.001009149
24.889	0.014066656
24.923	0.029306871
24.956	0.044450045
24.989	0.059257768
25.022	0.073479234
25.056	0.086843744
25.089	0.09908845
25.122	0.109988206
25.156	0.119368304
25.189	0.127098192
25.222	0.133070534
25.256	0.13718829
25.289	0.139362621
25.322	0.139543612
25.356	0.137749937
25.389	0.13404949
25.422	0.128516098
25.456	0.121220098
25.489	0.112256959
25.522	0.101779748
25.556	0.089999474
25.589	0.077146869
25.622	0.063446907
25.656	0.04913416
25.689	0.03446397
25.722	0.019698135
25.755	0.005084319
25.789	-0.009141162
25.822	-0.022737451
25.855	-0.035460902
25.889	-0.047086889
25.922	-0.057409813
25.955	-0.066232976
25.989	-0.073383765
26.022	-0.07873826
26.055	-0.082224032
26.089	-0.08381106
26.122	-0.083497948
26.155	-0.081304069
26.189	-0.077267995
26.222	-0.071453954
26.255	-0.06395026
26.289	-0.054865996
26.322	-0.044335552
26.355	-0.03252648
26.389	-0.019647346
26.422	-0.005948606
26.455	0.008287172
26.489	0.022776023
26.522	0.037262605
26.555	0.051520374
26.588	0.065322787
26.622	0.078424276
26.655	0.09057072
26.688	0.101523534
26.722	0.111088636
26.755	0.119131986
26.788	0.12556876
26.822	0.130324084
26.855	0.13330563
26.888	0.134421768
26.922	0.133620313
26.955	0.130906152
26.988	0.126337927
27.022	0.120021406
27.055	0.112099705
27.088	0.102731302
27.122	0.092077463
27.155	0.080310104
27.188	0.067631334
27.222	0.054276598
27.255	0.040486228
27.288	0.026486768
27.321	0.012506157
27.355	-0.001210037
27.388	-0.014409962
27.421	-0.026859395
27.455	-0.038353087
27.488	-0.048704635
27.521	-0.057740902
27.555	-0.065309522
27.588	-0.071276105
27.621	-0.075525284
27.655	-0.077975202
27.688	-0.078584148
27.721	-0.077336412
27.755	-0.074249623
27.788	-0.069396036
27.821	-0.062891718
27.855	-0.054862331
27.888	-0.045439647
27.921	-0.034779176
27.955	-0.02305004
27.988	-0.010427121
28.021	0.002880142
28.055	0.01660611
28.088	0.030455646
28.121	0.044157528
28.154	0.057479626
28.188	0.070216167
28.221	0.082166611
28.254	0.093129373
28.288	0.102909325
28.321	0.111334728
28.354	0.118264034
28.388	0.123575594
28.421	0.12716242
28.454	0.128955572
28.488	0.128933406
28.521	0.127103777
28.554	0.123505781
28.588	0.11822424
28.621	0.111376266
28.654	0.103092236
28.688	0.093511774
28.721	0.082779396
28.754	0.071050434
28.788	0.058515305
28.821	0.045409278
28.854	0.031996598
28.887	0.018547265
28.921	0.005316098
28.954	-0.007470707
28.987	-0.019611218
29.021	-0.03091205
29.054	-0.041180171
29.087	-0.050239826
29.121	-0.057953309
29.154	-0.064211187
29.187	-0.068903854
29.221	-0.071917514
29.254	-0.073170136
29.287	-0.072649505
29.321	-0.070409898
29.354	-0.066528286
29.387	-0.061076052
29.421	-0.054129641
29.454	-0.045784524
29.487	-0.036151005
29.521	-0.025364695
29.554	-0.013612696
29.587	-0.001131846
29.621	0.011823035
29.654	0.025005856
29.687	0.038175412
29.72	0.051082471
29.754	0.063480243
29.787	0.075154227
29.82	0.085921512
29.854	0.095606518
29.887	0.10403227
29.92	0.111043607
29.954	0.116536856
29.987	0.120466465
30.02	0.122815329
30.054	0.123561283
30.087	0.122677971
30.12	0.120150909
30.154	0.115987601
30.187	0.110234297
30.22	0.102987167
30.254	0.094383217
30.287	0.084587731
30.32	0.073784667
30.354	0.062164439
30.387	0.049928459
30.42	0.037305715
30.453	0.024544216
30.487	0.011881154
30.52	-0.000457451
30.553	-0.012258495
30.587	-0.023338019
30.62	-0.033534582
30.653	-0.042683074
30.687	-0.05061036
30.72	-0.057150457
30.753	-0.062173689
30.787	-0.065605879
30.82	-0.067420673
30.853	-0.067611961
30.887	-0.066191263
30.92	-0.063195405
30.953	-0.058675351
30.987	-0.052690268
31.02	-0.045317474
31.053	-0.036665528
31.087	-0.026874929
31.12	-0.016114101
31.153	-0.004570843
31.187	0.007550643
31.22	0.020019101
31.253	0.032569066
31.286	0.044931407
31.32	0.056874695
31.353	0.068205722
31.386	0.078752572
31.42	0.088358166
31.453	0.096873104
31.486	0.104149382
31.52	0.110050689
31.553	0.114469862
31.586	0.117330806
31.62	0.11858692
31.653	0.118228429
31.686	0.116275406
31.72	0.112761011
31.753	0.107739524
31.786	0.101302226
31.82	0.093584205
31.853	0.084748127
31.886	0.074952641
31.92	0.064341388
31.953	0.053066561
31.986	0.041308627
32.019	0.029274582
32.053	0.017194286
32.086	0.005314528
32.119	-0.006126455
32.153	-0.016916778
32.186	-0.026872834
32.219	-0.035833704
32.253	-0.043655921
32.286	-0.050219057
32.319	-0.055442304
32.353	-0.059277316
32.386	-0.061677841
32.419	-0.062578257
32.453	-0.061904385
32.486	-0.059620796
32.519	-0.055767982
32.553	-0.050445426
32.586	-0.043770589
32.619	-0.035868785
32.653	-0.026883481
32.686	-0.016973327
32.719	-0.006309889
32.753	0.004924446
32.786	0.016540834
32.819	0.028328614
32.852	0.040044136
32.886	0.05143782
32.919	0.062289928
32.952	0.07241755
32.986	0.081670588
33.019	0.089932453
33.052	0.097107851
33.086	0.103095377
33.119	0.107777223
33.152	0.111037847
33.186	0.112798884
33.219	0.113037471
33.252	0.11177106
33.286	0.109029497
33.319	0.104851004
33.352	0.099306791
33.386	0.092510828
33.419	0.08459192
33.452	0.075667004
33.486	0.065860872
33.519	0.055341074
33.552	0.044310419
33.585	0.032977996
33.619	0.021548882
33.652	0.010245781
33.685	-0.000695514
33.719	-0.011061024
33.752	-0.020681104
33.785	-0.029419619
33.819	-0.037157013
33.852	-0.043779141
33.885	-0.04917919
33.919	-0.053263085
33.952	-0.05594426
33.985	-0.057150806
34.019	-0.056861082
34.052	-0.055109993
34.085	-0.051957405
34.119	-0.04746929
34.152	-0.041721223
34.185	-0.03480745
34.219	-0.026827805
34.252	-0.017879153
34.285	-0.008081224
34.319	0.00238761
34.352	0.013296267
34.385	0.024399877
34.418	0.035472246
34.452	0.046317373
34.485	0.056770325
34.518	0.066679082
34.552	0.075870859
34.585	0.084148781
34.618	0.091335523
34.652	0.09731729
34.685	0.102039104
34.718	0.105458204
34.752	0.107524674
34.785	0.108195229
34.818	0.107447356
34.852	0.105281228
34.885	0.101732799
34.918	0.096877642
34.952	0.090820651
34.985	0.083678066
35.018	0.075562983
35.052	0.066593212
35.085	0.056903842
35.118	0.046659981
35.151	0.03606112
35.185	0.025316873
35.218	0.014631619
35.251	0.004212701
35.285	-0.005739166
35.318	-0.015059923
35.351	-0.023611861
35.385	-0.03125396
35.418	-0.037849559
35.451	-0.043297081
35.485	-0.04752741
35.518	-0.050488361
35.551	-0.052136824
35.585	-0.052428993
35.618	-0.051321581
35.651	-0.048797835
35.685	-0.04489301
35.718	-0.039699783
35.751	-0.033348006
35.785	-0.025967183
35.818	-0.017669539
35.851	-0.00857585
35.885	0.001155757
35.918	0.011334866
35.951	0.021758322
35.984	0.032219127
36.018	0.042515522
36.051	0.052462852
36.084	0.061905258
36.118	0.070703113
36.151	0.078718189
36.184	0.085819236
36.218	0.091886175
36.251	0.096807305
36.284	0.100485412
36.318	0.102848239
36.351	0.103856864
36.384	0.103509195
36.418	0.101823207
36.451	0.098817052
36.484	0.094524589
36.518	0.089021566
36.551	0.082430155
36.584	0.074903597
36.618	0.066599321
36.651	0.057656952
36.684	0.048202329
36.717	0.038380488
36.751	0.028371374
36.784	0.018361736
36.817	0.008523664
36.851	-0.000977908
36.884	-0.009981363
36.917	-0.01832875
36.951	-0.025864558
36.984	-0.032440086
37.017	-0.037937
37.051	-0.042279205
37.084	-0.045411373
37.117	-0.047273814
37.151	-0.047821323
37.184	-0.047048666
37.217	-0.044975739
37.251	-0.041634131
37.284	-0.037079869
37.317	-0.03139411
37.351	-0.024678257
37.384	-0.017054834
37.417	-0.008662767
37.451	0.000346797
37.484	0.009807005
37.517	0.019531631
37.55	0.029328338
37.584	0.039019977
37.617	0.048450166
37.65	0.057466187
37.684	0.065904505
37.717	0.073609436
37.75	0.080461947
37.784	0.086386293
37.817	0.09132191
37.85	0.095181531
37.884	0.097853281
37.917	0.099248497
37.95	0.099328782
37.984	0.098091867
38.017	0.095560442
38.05	0.091781804
38.084	0.086832923
38.117	0.080824627
38.15	0.073898113
38.184	0.066205575
38.217	0.057888033
38.25	0.049070281
38.283	0.039871872
38.317	0.030433306
38.35	0.020936621
38.383	0.011593699
38.417	0.002601064
38.45	-0.005886297
38.483	-0.013753369
38.517	-0.02089962
38.55	-0.027218061
38.583	-0.03259158
38.617	-0.036911096
38.65	-0.040096147
38.683	-0.04210153
38.717	-0.042905953
38.75	-0.042498767
38.783	-0.040887305
38.817	-0.03809949
38.85	-0.034170929
38.883	-0.029144904
38.917	-0.023092451
38.95	-0.016122653
38.983	-0.008369901
39.017	1.69297E-05
39.05	0.008873603
39.083	0.018018779
39.116	0.027265359
39.15	0.036434097
39.183	0.045363376
39.216	0.053915839
39.25	0.061969137
39.283	0.069392546
39.316	0.076043646
39.35	0.081800266
39.383	0.086575138
39.416	0.090295307
39.45	0.09288555
39.483	0.094289318
39.516	0.094492998
39.55	0.093512123
39.583	0.091366939
39.616	0.088083975
39.65	0.083720652
39.683	0.07836476
39.716	0.072115259
39.75	0.065085073
39.783	0.057404752
39.816	0.049222997
39.849	0.040699158
39.883	0.03198438
39.916	0.023208865
39.949	0.014491643
39.983	0.005962743
40.016	-0.002226167
40.049	-0.009908758
40.083	-0.016920967
40.116	-0.023113395
40.149	-0.028362473
40.183	-0.032570985
40.216	-0.035670865
40.249	-0.037629299
40.283	-0.038451698
40.316	-0.03816494
40.349	-0.036793984
40.383	-0.034356457
40.416	-0.030872431
40.449	-0.026370878
40.483	-0.020902587
40.516	-0.014552381
40.549	-0.007434754
40.583	0.000317126
40.616	0.008552811
40.649	0.017105099
40.682	0.025799632
40.716	0.034466413
40.749	0.042936496
40.782	0.051045645
40.816	0.058652313
40.849	0.065651432
40.882	0.071950675
40.916	0.077450731
40.949	0.082055782
40.982	0.085687812
41.016	0.088290622
41.049	0.089825115
41.082	0.090257608
41.116	0.089561222
41.149	0.087733687
41.182	0.084812181
41.216	0.080870529
41.249	0.076006995
41.282	0.070329264
41.316	0.063938043
41.349	0.056913616
41.382	0.049340283
41.415	0.041333585
41.449	0.03304013
41.482	0.024626596
41.515	0.016268912
41.549	0.008135852
41.582	0.000388336
41.615	-0.006819525
41.649	-0.013366255
41.682	-0.019170522
41.715	-0.02415972
41.749	-0.028244314
41.782	-0.031338783
41.815	-0.033386927
41.849	-0.034365708
41.882	-0.03426762
41.915	-0.033096504
41.949	-0.030871035
41.982	-0.027625944
42.015	-0.023416908
42.049	-0.018329971
42.082	-0.01247125
42.115	-0.0059507
42.149	0.001121898
42.182	0.00863554
42.215	0.016475559
42.248	0.024506866
42.282	0.032567146
42.315	0.040498096
42.348	0.048172833
42.382	0.055477559
42.415	0.062281725
42.448	0.068440643
42.482	0.073823413
42.515	0.07832549
42.548	0.081863796
42.582	0.08438632
42.615	0.085882591
42.648	0.086371458
42.682	0.08586601
42.715	0.084356475
42.748	0.081830984
42.782	0.0783124
42.815	0.073870362
42.848	0.068597374
42.882	0.062583318
42.915	0.055917382
42.948	0.048716328
42.981	0.041141425
43.015	0.03336895
43.048	0.025545512
43.081	0.017791712
43.115	0.010245083
43.148	0.003062878
43.181	-0.003622082
43.215	-0.009727767
43.248	-0.01520269
43.281	-0.019986812
43.315	-0.023988852
43.348	-0.027103392
43.381	-0.029241944
43.415	-0.030344294
43.448	-0.030385135
43.481	-0.029383316
43.515	-0.02739399
43.548	-0.024479639
43.581	-0.020692449
43.615	-0.016082336
43.648	-0.010710387
43.681	-0.004656015
43.714	0.001975364
43.748	0.009066462
43.781	0.016492314
43.814	0.024099681
43.848	0.031706698
43.881	0.039140056
43.914	0.04626449
43.948	0.052982786
43.981	0.059220418
44.014	0.06489745
44.048	0.069914225
44.081	0.074168465
44.114	0.07758355
44.148	0.080114801
44.181	0.081725042
44.214	0.082373781
44.248	0.082031348
44.281	0.080685175
44.314	0.078349052
44.348	0.075069578
44.381	0.070917789
44.414	0.065977809
44.448	0.060347028
44.481	0.054134528
44.514	0.047449045
44.547	0.040404896
44.581	0.033137694
44.614	0.025799457
44.647	0.018544123
44.681	0.011512017
44.714	0.004816062
44.747	-0.001460492
44.781	-0.007241022
44.814	-0.012438089
44.847	-0.016956048
44.881	-0.020702747
44.914	-0.02360104
44.947	-0.02558548
44.981	-0.026597596
45.014	-0.026604228
45.047	-0.025623004
45.081	-0.023717628
45.114	-0.020968909
45.147	-0.017438108
45.181	-0.013162924
45.214	-0.008178089
45.247	-0.002545388
45.281	0.003641804
45.314	0.010273881
45.347	0.017226225
45.38	0.024346296
45.414	0.031471079
45.447	0.038456236
45.48	0.04518064
45.514	0.051532941
45.547	0.057410162
45.58	0.062727657
45.614	0.06741596
45.647	0.071404736
45.68	0.074612476
45.714	0.076953836
45.747	0.078368076
45.78	0.078831984
45.814	0.078345387
45.847	0.076916137
45.88	0.074576872
45.914	0.071403689
45.947	0.067499213
45.98	0.062959262
46.014	0.057848938
46.047	0.052204543
46.08	0.046067791
46.113	0.039526821
46.147	0.032719687
46.18	0.025810627
46.213	0.018972602
46.247	0.012365832
46.28	0.006114412
46.313	0.000309796
46.347	-0.004976457
46.38	-0.00969129
46.413	-0.013791243
46.447	-0.017227796
46.48	-0.019935325
46.513	-0.021827262
46.547	-0.022814246
46.58	-0.02283868
46.613	-0.021906675
46.647	-0.020081758
46.68	-0.01744666
46.713	-0.014067005
46.747	-0.010004925
46.78	-0.005338439
46.813	-0.000141023
46.847	0.005540897
46.88	0.01165845
46.913	0.0181139
46.946	0.024755925
46.98	0.03141453
47.013	0.037930368
47.046	0.044173934
47.08	0.05004784
47.113	0.055477559
47.146	0.060396944
47.18	0.064728851
47.213	0.068387411
47.246	0.07130054
47.28	0.073415704
47.313	0.074694681
47.346	0.075117575
47.38	0.074681068
47.413	0.073392142
47.446	0.071271567
47.48	0.068351282
47.513	0.064679284
47.546	0.060330098
47.58	0.055402336
47.613	0.049998273
47.646	0.044218964
47.679	0.038171572
47.713	0.031960469
47.746	0.025678157
47.779	0.019411203
47.813	0.013259266
47.846	0.007348534
47.879	0.001823345
47.913	-0.003188717
47.946	-0.00761173
47.979	-0.011409741
48.013	-0.014544178
48.046	-0.016958841
48.079	-0.018601719
48.113	-0.019434765
48.146	-0.019433019
48.179	-0.018587757
48.213	-0.016906306
48.246	-0.014412929
48.279	-0.011158064
48.313	-0.007221125
48.346	-0.002695312
48.379	0.00232984
48.412	0.007777362
48.446	0.013569411
48.479	0.019607727
48.512	0.025774673
48.546	0.031944238
48.579	0.037987266
48.612	0.04377949
48.646	0.049217936
48.679	0.054223017
48.712	0.058718985
48.746	0.062623984
48.779	0.065858429
48.812	0.068364023
48.846	0.070116334
48.879	0.07111728
48.912	0.071371575
48.946	0.070872759
48.979	0.069611061
49.012	0.067593635
49.046	0.064851024
49.079	0.061425467
49.112	0.057368274
49.146	0.052744548
49.179	0.047642078
49.212	0.042168551
49.245	0.036434621
49.279	0.030544484
49.312	0.024610364
49.345	0.018755483
49.379	0.0130973
49.412	0.007742804
49.445	0.00278956
49.479	-0.001685814
49.512	-0.005625196
49.545	-0.008976054
49.579	-0.011691786
49.612	-0.013739755
49.645	-0.015101112
49.679	-0.015751771
49.712	-0.015654382
49.745	-0.014780321
49.779	-0.013127843
49.812	-0.010727143
49.845	-0.007644542
49.879	-0.003968704
49.912	0.000220261
49.945	0.004859869
49.979	0.009891304
50.012	0.015244753
50.045	0.020824571
50.078	0.026507013
50.112	0.032164324
50.145	0.037686545
50.178	0.042978733
50.212	0.047961997
50.245	0.052568968
50.278	0.056736989
50.312	0.060399911
50.345	0.063472913
50.378	0.065861919
50.412	0.0674945
50.445	0.068332782
50.478	0.068374321
50.512	0.067651231
50.545	0.066221457
50.578	0.064145388
50.612	0.061464039
50.645	0.058198353
50.678	0.054372766
50.712	0.050035099
50.745	0.045252722
50.778	0.040115171
50.811	0.034740081
50.845	0.029260096
50.878	0.02380088
50.911	0.018465758
50.945	0.013330825
50.978	0.008459611
51.011	0.003920359
51.045	-0.000212058
51.078	-0.00385997
51.111	-0.006939429
51.145	-0.009370498
51.178	-0.011107101
51.211	-0.012144175
51.245	-0.012499175
51.278	-0.012193394
51.311	-0.011242538
51.345	-0.009655161
51.378	-0.007436848
51.411	-0.004597372
51.445	-0.001160993
51.478	0.002824815
51.511	0.00728291
51.544	0.012111712
51.578	0.017204409
51.611	0.022458722
51.644	0.027766792
51.678	0.033018662
51.711	0.038119213
51.744	0.042988158
51.778	0.047548005
51.811	0.051728243
51.844	0.055468134
51.878	0.058703102
51.911	0.061358097
51.944	0.063362608
51.978	0.064672477
52.011	0.065282819
52.044	0.065213704
52.078	0.064485727
52.111	0.063115993
52.144	0.061123001
52.178	0.058524904
52.211	0.055349976
52.244	0.05164883
52.278	0.047482729
52.311	0.042923406
52.344	0.03806022
52.377	0.032994926
52.411	0.027838002
52.444	0.022713889
52.477	0.017744588
52.511	0.013012128
52.544	0.008562062
52.577	0.004445877
52.611	0.000741765
52.644	-0.002468419
52.677	-0.005126207
52.711	-0.00719128
52.744	-0.008622974
52.777	-0.009384635
52.811	-0.009464397
52.844	-0.008890707
52.877	-0.007717497
52.911	-0.00598805
52.944	-0.003722089
52.977	-0.000933402
53.011	0.002352704
53.044	0.006098879
53.077	0.010260093
53.11	0.014775434
53.144	0.019557636
53.177	0.024503026
53.21	0.02950514
53.244	0.034458559
53.277	0.039250011
53.31	0.043765527
53.344	0.047908241
53.377	0.05160799
53.41	0.054812938
53.444	0.057490796
53.477	0.059631094
53.51	0.06122266
53.544	0.062229191
53.577	0.062608276
53.61	0.062336005
53.644	0.061411155
53.677	0.059847864
53.71	0.057677023
53.744	0.054949248
53.777	0.051737144
53.81	0.048122742
53.844	0.044175854
53.877	0.039944827
53.91	0.035481496
53.943	0.03086702
53.977	0.026197567
54.01	0.021553245
54.043	0.017004045
54.077	0.012636358
54.11	0.008549844
54.143	0.004835958
54.177	0.001574462
54.21	-0.001167102
54.243	-0.003345796
54.277	-0.004948707
54.31	-0.005989446
54.343	-0.006494719
54.377	-0.006484945
54.41	-0.005951747
54.443	-0.004861789
54.477	-0.003182957
54.51	-0.00091176
54.543	0.001912881
54.577	0.005231275
54.61	0.008980766
54.643	0.013086304
54.677	0.017455387
54.71	0.021990974
54.743	0.026599865
54.776	0.031198459
54.81	0.035703328
54.843	0.040014989
54.876	0.04403169
54.91	0.047683268
54.943	0.050932198
54.976	0.053742876
55.01	0.056066957
55.043	0.057863075
55.076	0.059107146
55.11	0.059777178
55.143	0.059851703
55.176	0.059326883
55.21	0.058216155
55.243	0.056548842
55.276	0.05437294
55.31	0.051737493
55.343	0.048668681
55.376	0.045186051
55.41	0.04133952
55.443	0.037218797
55.476	0.03293192
55.509	0.028580116
55.543	0.024250303
55.576	0.020018403
55.609	0.015949168
55.643	0.012093735
55.676	0.008498706
55.709	0.005217487
55.743	0.002305405
55.776	-0.000187972
55.809	-0.002210634
55.843	-0.003705509
55.876	-0.004623726
55.909	-0.004933348
55.943	-0.004624424
55.976	-0.003707254
56.009	-0.002213077
56.043	-0.000190415
56.076	0.002304358
56.109	0.00522028
56.143	0.008508655
56.176	0.012114679
56.209	0.015983027
56.242	0.020062734
56.276	0.024291667
56.309	0.028589715
56.342	0.032860361
56.376	0.036998362
56.409	0.04090022
56.442	0.044486523
56.476	0.047712589
56.509	0.050554334
56.542	0.052984182
56.576	0.054959022
56.609	0.05642632
56.642	0.057343665
56.676	0.057691858
56.709	0.057477183
56.742	0.056723375
56.776	0.055455568
56.809	0.053683535
56.842	0.051408499
56.876	0.048649657
56.909	0.045465303
56.942	0.041946371
56.976	0.038190073
57.009	0.034272507
57.042	0.030253537
57.075	0.026200708
57.109	0.022189069
57.142	0.018281626
57.175	0.014528819
57.209	0.01098772
57.242	0.007730412
57.275	0.004826708
57.309	0.002332458
57.342	0.000296531
57.375	-0.001238311
57.409	-0.00224205
57.442	-0.002702119
57.475	-0.002609616
57.509	-0.001947264
57.542	-0.000706684
57.575	0.001078788
57.609	0.003334102
57.642	0.005982989
57.675	0.008972912
57.709	0.012260938
57.742	0.015792263
57.775	0.019506672
57.808	0.0233546
57.842	0.027296251
57.875	0.031277173
57.908	0.035200848
57.942	0.038938994
57.975	0.042380434
58.008	0.045470365
58.042	0.048204772
58.075	0.050589241
58.108	0.052603875
58.142	0.054203469
58.175	0.055330253
58.208	0.055919128
58.242	0.055919651
58.275	0.055327635
58.308	0.054185666
58.342	0.052552736
58.375	0.050484521
58.408	0.04803373
58.442	0.045247835
58.475	0.042163839
58.508	0.038806174
58.542	0.035196135
58.575	0.031383463
58.608	0.027469039
58.641	0.023583063
58.675	0.019837936
58.708	0.016302597
58.741	0.013008288
58.775	0.009971764
58.808	0.007217286
58.841	0.004783773
58.875	0.002719572
58.908	0.001075995
58.941	-9.87856E-05
58.975	-0.000757473
59.008	-0.000866207
59.041	-0.00042429
59.075	0.000540005
59.108	0.001987581
59.141	0.003877074
59.175	0.006169564
59.208	0.008823861
59.241	0.011788477
59.275	0.015011228
59.308	0.018446385
59.341	0.022047174
59.374	0.025758616
59.408	0.029523641
59.441	0.033280985
59.474	0.036956474
59.508	0.04045551
59.541	0.043671629
59.574	0.046516515
59.608	0.048943221
59.641	0.050936736
59.674	0.05248048
59.708	0.053544782
59.741	0.054112712
59.774	0.05419387
59.808	0.053806756
59.841	0.052964285
59.874	0.051672218
59.908	0.049930728
59.941	0.047743831
59.974	0.045143116
60.008	0.042190019
60.041	0.038955574
60.074	0.035504186
60.108	0.031900954
60.141	0.028220927
60.174	0.024544565
60.207	0.020951456
60.241	0.017512808
60.274	0.014284473
60.307	0.01131305
60.341	0.008645314
60.374	0.006321757
60.407	0.004370828
60.441	0.002822896
60.474	0.001711644
60.507	0.001051735
60.541	0.000828857
60.574	0.001034282
60.607	0.001688955
60.641	0.002821674
60.674	0.004433834
60.707	0.00650362
60.741	0.008998743
60.774	0.011867366
60.807	0.015035662
60.841	0.018420729
60.874	0.021933727
60.907	0.025485472
60.94	0.029007547
60.974	0.032467313
61.007	0.035844525
61.04	0.03909363
61.074	0.04213539
61.107	0.044874859
61.14	0.047228784
61.174	0.049159991
61.207	0.050684012
61.24	0.051827029
61.274	0.052588341
61.307	0.052940549
61.34	0.052845254
61.374	0.052260917
61.407	0.051162058
61.44	0.049560893
61.474	0.047499659
61.507	0.045033683
61.54	0.04223819
61.574	0.039201142
61.607	0.035992703
61.64	0.032652841
61.674	0.029213321
61.707	0.025726502
61.74	0.02227459
61.773	0.018941709
61.807	0.015784409
61.84	0.012832184
61.873	0.010124655
61.907	0.007726573
61.94	0.005702689
61.973	0.004102396
62.007	0.002961126
62.04	0.002283763
62.073	0.002042035
62.107	0.002212205
62.14	0.002804919
62.173	0.003846357
62.207	0.005346118
62.24	0.007273136
62.273	0.009565975
62.307	0.012160582
62.34	0.015007912
62.373	0.018069568
62.407	0.02130506
62.44	0.024664295
62.473	0.028076763
62.506	0.031459909
62.54	0.034743397
62.573	0.037872772
62.606	0.040789392
62.64	0.043427282
62.673	0.045733735
62.706	0.047683617
62.74	0.049269598
62.773	0.050481903
62.806	0.051302034
62.84	0.051705205
62.873	0.051665237
62.906	0.051154728
62.94	0.050153083
62.973	0.048669379
63.006	0.0467558
63.04	0.044495948
63.073	0.041968711
63.106	0.039219119
63.14	0.036264626
63.173	0.033130363
63.206	0.029867819
63.239	0.026536335
63.273	0.023194902
63.306	0.019913858
63.339	0.016777327
63.373	0.013873273
63.406	0.011286172
63.439	0.009076061
63.473	0.007257079
63.506	0.005808107
63.539	0.004706629
63.573	0.00395544
63.606	0.003573911
63.639	0.003581067
63.673	0.003995059
63.706	0.004828802
63.739	0.006085789
63.773	0.007759559
63.806	0.009830742
63.839	0.012258145
63.873	0.014981034
63.906	0.017929244
63.939	0.021034708
63.973	0.02424402
64.006	0.027515465
64.039	0.030801396
64.072	0.034028859
64.106	0.037108143
64.139	0.039949365
64.172	0.042480441
64.206	0.044671004
64.239	0.046523497
64.272	0.048040537
64.306	0.049212176
64.339	0.050015726
64.372	0.050428496
64.406	0.050434605
64.439	0.050021834
64.472	0.049180935
64.506	0.047913477
64.539	0.04622871
64.572	0.044153165
64.606	0.041738851
64.639	0.039057327
64.672	0.036183642
64.706	0.033175742
64.739	0.030063471
64.772	0.026877198
64.806	0.023675915
64.839	0.020538511
64.872	0.017540559
64.905	0.014749428
64.939	0.012217479
64.972	0.009985203
65.005	0.008088903
65.039	0.006572735
65.072	0.005480334
65.105	0.004826184
65.139	0.004582536
65.172	0.004713785
65.205	0.005207364
65.239	0.006065019
65.272	0.00728483
65.305	0.008859466
65.339	0.010777583
65.372	0.013018411
65.405	0.015540412
65.439	0.018282673
65.472	0.021182188
65.505	0.02418398
65.539	0.02723307
65.572	0.030279019
65.605	0.033281858
65.638	0.036204935
65.672	0.038991005
65.705	0.041553497
65.738	0.043808288
65.772	0.045702843
65.805	0.04721552
65.838	0.048348064
65.872	0.049115485
65.905	0.049522496
65.938	0.049551468
65.972	0.049183029
66.005	0.048419622
66.038	0.047269101
66.072	0.045732339
66.105	0.043815269
66.138	0.041543374
66.172	0.038970584
66.205	0.036181374
66.238	0.03326039
66.272	0.030264882
66.305	0.027235165
66.338	0.024216443
66.371	0.021263521
66.405	0.018428583
66.438	0.015749851
66.471	0.013261012
66.505	0.011013377
66.538	0.009076236
66.571	0.00751085
66.605	0.006344097
66.638	0.005571266
66.671	0.005183802
66.705	0.005183977
66.738	0.005571964
66.771	0.006346715
66.805	0.007517133
66.838	0.009087929
66.871	0.011031179
66.905	0.013282305
66.938	0.015765908
66.971	0.018422648
67.005	0.021208717
67.038	0.02407926
67.071	0.026986804
67.105	0.02989365
67.138	0.03276175
67.171	0.03554555
67.204	0.03820229
67.238	0.040689734
67.271	0.042949411
67.304	0.044906449
67.338	0.046499236
67.371	0.047705259
67.404	0.048534116
67.438	0.048991392
67.471	0.049055097
67.504	0.048690323
67.538	0.047879094
67.571	0.046631707
67.604	0.044981149
67.638	0.042984667
67.671	0.040722197
67.704	0.038273325
67.738	0.035690761
67.771	0.032996148
67.804	0.030201352
67.838	0.027333078
67.871	0.024437751
67.904	0.02157035
67.937	0.018798941
67.971	0.016205033
68.004	0.013853551
68.037	0.011772944
68.071	0.009974208
68.104	0.008476192
68.137	0.007309788
68.171	0.00650938
68.204	0.006100798
68.237	0.006092421
68.271	0.006477266
68.304	0.00723631
68.337	0.008339881
68.371	0.00976215
68.404	0.01149212
68.437	0.013514957
68.471	0.015794357
68.504	0.018281451
68.537	0.020936621
68.571	0.023725657
68.604	0.026603181
68.637	0.029512121
68.671	0.032392264
68.704	0.035175366
68.737	0.037781317
68.77	0.040144667
68.804	0.042234524
68.837	0.044038497
68.87	0.045538084
68.904	0.046704138
68.937	0.047503673
68.97	0.047911906
69.004	0.047920982
69.037	0.047537184
69.07	0.046777442
69.104	0.045670031
69.137	0.044237639
69.17	0.042491088
69.204	0.040447482
69.237	0.038149581
69.27	0.035652888
69.304	0.03300662
69.337	0.03025825
69.37	0.027469213
69.404	0.024708103
69.437	0.022026404
69.47	0.019452916
69.503	0.017017484
69.537	0.014766358
69.57	0.012757135
69.603	0.011033622
69.637	0.009611005
69.67	0.008494343
69.703	0.007697251
69.737	0.007235088
69.77	0.007116056
69.803	0.007353945
69.837	0.007973013
69.87	0.008980592
69.903	0.010340378
69.937	0.01199879
69.97	0.013929473
70.003	0.016127889
70.037	0.018571874
70.07	0.021203656
70.103	0.023934224
70.137	0.026672994
70.17	0.029363943
70.203	0.031993456
70.237	0.034566071
70.27	0.037074109
70.303	0.03947865
70.336	0.041703072
70.37	0.043648241
70.403	0.045229858
70.436	0.046407781
70.47	0.047182358
70.503	0.047563189
70.536	0.047555859
70.57	0.047172584
70.603	0.046432565
70.636	0.045348366
70.67	0.043934301
70.703	0.042217769
70.736	0.040232806
70.77	0.038008559
70.803	0.03557557
70.836	0.032971713
70.87	0.030246381
70.903	0.027469563
70.936	0.024721716
70.97	0.022065674
71.003	0.019538437
71.036	0.017170375
71.069	0.014993076
71.103	0.013036213
71.136	0.011329805
71.169	0.009908409
71.203	0.008799077
71.236	0.008013505
71.269	0.007565304
71.303	0.007483274
71.336	0.007797433
71.369	0.008509527
71.403	0.009593377
71.436	0.011017915
71.469	0.012760975
71.503	0.014790095
71.536	0.017045235
71.569	0.019449251
71.603	0.021934251
71.636	0.024454855
71.669	0.026986979
71.703	0.029518405
71.736	0.032037264
71.769	0.034520867
71.803	0.036925058
71.836	0.039184213
71.869	0.041221012
71.902	0.042975242
71.936	0.044417408
71.969	0.045531102
72.002	0.046291542
72.036	0.046672897
72.069	0.046663297
72.102	0.046265886
72.136	0.045500035
72.169	0.044401874
72.202	0.043010672
72.236	0.041356624
72.269	0.03947289
72.302	0.037397693
72.336	0.035148488
72.369	0.032720735
72.402	0.030129619
72.436	0.027442335
72.469	0.024760288
72.502	0.022172314
72.536	0.019735834
72.569	0.017481741
72.602	0.015420857
72.635	0.013561732
72.669	0.011931594
72.702	0.010578615
72.735	0.009545555
72.769	0.008850565
72.802	0.008490154
72.835	0.008454026
72.869	0.008733628
72.902	0.009329134
72.935	0.010254333
72.969	0.011524409
73.002	0.013130985
73.035	0.015034092
73.069	0.017179974
73.102	0.019506498
73.135	0.021948563
73.169	0.024451888
73.202	0.026978427
73.235	0.029502348
73.269	0.031999041
73.302	0.034436568
73.335	0.036770073
73.369	0.038949291
73.402	0.0409264
73.435	0.042655149
73.468	0.04408597
73.502	0.04518064
73.535	0.045921882
73.568	0.046298698
73.602	0.046298873
73.635	0.04592258
73.668	0.045182036
73.702	0.044087715
73.735	0.042656545
73.768	0.040926575
73.802	0.03894615
73.835	0.036761696
73.868	0.034419813
73.902	0.031974083
73.935	0.029472851
73.968	0.026956261
74.002	0.024461139
74.035	0.022026928
74.068	0.019700928
74.102	0.017529912
74.135	0.015549313
74.168	0.013783563
74.201	0.012255353
74.235	0.010983182
74.268	0.009979444
74.301	0.009257401
74.335	0.008842362
74.368	0.008775865
74.401	0.009092118
74.435	0.009788854
74.468	0.010826277
74.501	0.012153426
74.535	0.013731029
74.568	0.015530463
74.601	0.017529912
74.635	0.019708782
74.668	0.022036702
74.701	0.024471436
74.735	0.026968828
74.768	0.029490305
74.801	0.031998517
74.835	0.034449134
74.868	0.036785257
74.901	0.038942833
74.935	0.040860427
74.968	0.042481489
75.001	0.043761862
75.034	0.044686712
75.068	0.045266859
75.101	0.045511904
75.134	0.045421845
75.168	0.044996508
75.201	0.044252125
75.234	0.043225173
75.268	0.041951781
75.301	0.040439802
75.334	0.038674053
75.368	0.036651042
75.401	0.034406374
75.434	0.032004975
75.468	0.029513867
75.501	0.026989422
75.534	0.024478243
75.568	0.02202623
75.601	0.019682951
75.634	0.017498671
75.668	0.015514232
75.701	0.013764365
75.734	0.012285373
75.767	0.011110242
75.801	0.010257649
75.834	0.009721135
75.867	0.009471727
75.901	0.009485166
75.934	0.009771051
75.967	0.010371095
76.001	0.011320555
76.034	0.012611226
76.067	0.014187258
76.101	0.015976046
76.134	0.017925055
76.167	0.020014214
76.201	0.022239683
76.234	0.02458593
76.267	0.027015253
76.301	0.029474422
76.334	0.031903572
76.367	0.03423952
76.401	0.036424847
76.434	0.038418537
76.467	0.040193013
76.501	0.041723492
76.534	0.042987285
76.567	0.043965367
76.6	0.044640286
76.634	0.044989876
76.667	0.044992494
76.7	0.044647966
76.734	0.043977585
76.767	0.043000899
76.8	0.041734837
76.834	0.040199994
76.867	0.038421853
76.9	0.036425894
76.934	0.034239171
76.967	0.031902001
77	0.029470932
77.034	0.02700897
77.067	0.024576505
77.1	0.022228339
77.134	0.020005313
77.167	0.017927149
77.2	0.016003098
77.234	0.014256897
77.267	0.012739333
77.3	0.011508003
77.333	0.010595894
77.367	0.010009463
77.4	0.009751155
77.433	0.0098276
77.467	0.010241243
77.5	0.010977946
77.533	0.012002455
77.567	0.013279512
77.6	0.014796727
77.633	0.016556542
77.667	0.018543251
77.7	0.02069786
77.733	0.022938513
77.767	0.025201158
77.8	0.027467817
77.833	0.029748963
77.867	0.032037613
77.9	0.034288913
77.933	0.036437064
77.967	0.038421329
78	0.040190046
78.033	0.041692949
78.067	0.042884136
78.1	0.043730097
78.133	0.044221407
78.166	0.044373949
78.2	0.044208492
78.233	0.043733413
78.266	0.042962152
78.3	0.041927521
78.333	0.040667742
78.366	0.039200619
78.4	0.037527895
78.433	0.035663011
78.466	0.033639651
78.5	0.031488881
78.533	0.029229727
78.566	0.02689308
78.6	0.024537758
78.633	0.022239334
78.666	0.02006797
78.7	0.018071139
78.733	0.016272752
78.766	0.014684851
78.8	0.01331215
78.833	0.012160756
78.866	0.011248472
78.899	0.01060305
78.933	0.010260442
78.966	0.010253111
78.999	0.010588389
79.033	0.011250218
79.066	0.012219748
79.099	0.013481621
79.133	0.015016813
79.166	0.016799667
79.199	0.018798418
79.233	0.020975367
79.266	0.02327606
79.299	0.025629811
79.333	0.027965934
79.366	0.03023748
79.399	0.032429439
79.433	0.034541462
79.466	0.036553827
79.499	0.038423423
79.533	0.040095623
79.566	0.041515274
79.599	0.042646422
79.633	0.043481039
79.666	0.044021567
79.699	0.044257012
79.732	0.044165033
79.766	0.043728875
79.799	0.0429536
79.832	0.041871496
79.866	0.040522007
79.899	0.038937248
79.932	0.037146366
79.966	0.03518322
79.999	0.033087603
80.032	0.030911352
80.066	0.028705081
80.099	0.026494273
80.132	0.024287827
80.166	0.022111053
80.199	0.020015261
80.232	0.018052988
80.266	0.016264549
80.299	0.014684328
80.332	0.013340424
80.366	0.012260414
80.399	0.01147554
80.432	0.011007617
80.465	0.010856472
80.499	0.011014947
80.532	0.011480427
80.565	0.012242612
80.599	0.013270611
80.632	0.014528819
80.665	0.015999259
80.699	0.017679138
80.732	0.019551702
80.765	0.021578553
80.799	0.023721119
80.832	0.025950952
80.865	0.028227559
80.899	0.030488808
80.932	0.032670993
80.965	0.034733274
80.999	0.036654881
81.032	0.038412253
81.065	0.039968913
81.099	0.04129065
81.132	0.042368566
81.165	0.043204229
81.199	0.043770065
81.232	0.044015633
81.265	0.043908993
81.298	0.043452066
81.332	0.042660734
81.365	0.041551752
81.398	0.040151998
81.432	0.038512435
81.465	0.03669101
81.498	0.034729434
81.532	0.032647954
81.565	0.030464024
81.598	0.028217611
81.632	0.02597399
81.665	0.023797564
81.698	0.021724986
81.732	0.019767774
81.765	0.017935876
81.798	0.016256695
81.832	0.014771071
81.865	0.013516528
81.898	0.012516454
81.932	0.011782543
81.965	0.011327536
81.998	0.011170107
82.031	0.011321078
82.065	0.01177085
82.098	0.012501968
82.131	0.013505532
82.165	0.014775259
82.198	0.016293172
82.231	0.018026459
82.265	0.019930613
82.298	0.021958162
82.331	0.024065821
82.365	0.026223223
82.398	0.02841047
82.431	0.030591782
82.465	0.032713055
82.498	0.034724198
82.531	0.036586988
82.565	0.038263551
82.598	0.039714967
82.631	0.040917674
82.665	0.041866434
82.698	0.042553745
82.731	0.042965468
82.765	0.04309375
82.798	0.042933529
82.831	0.042474158
82.864	0.041717034
82.898	0.040690257
82.931	0.039430304
82.964	0.037955152
82.998	0.036270734
83.031	0.0343966
83.064	0.032378476
83.098	0.030264882
83.131	0.02809474
83.164	0.025915696
83.198	0.023781682
83.231	0.021731095
83.264	0.019780515
83.298	0.017946174
83.331	0.016259487
83.364	0.014764613
83.398	0.013502216
83.431	0.012499175
83.464	0.011773118
83.498	0.011344466
83.531	0.011239397
83.564	0.011472049
83.597	0.012021479
83.631	0.012846321
83.664	0.013922666
83.697	0.015250163
83.731	0.016812582
83.764	0.018564369
83.797	0.020453863
83.831	0.022441269
83.864	0.024494998
83.897	0.02658119
83.931	0.028670698
83.964	0.030737168
83.997	0.032744297
84.031	0.0346488
84.064	0.03641455
84.097	0.038015889
84.131	0.039440078
84.164	0.040677167
84.197	0.041700105
84.231	0.042465781
84.264	0.042938765
84.297	0.04310492
84.331	0.042960058
84.364	0.042493531
84.397	0.041705166
84.43	0.040619397
84.464	0.039273573
84.497	0.037700857
84.53	0.035935108
84.564	0.034014896
84.597	0.031981588
84.63	0.029876721
84.664	0.027733456
84.697	0.025578847
84.73	0.023456876
84.764	0.021425662
84.797	0.019524649
84.83	0.017765008
84.864	0.016162796
84.897	0.014763566
84.93	0.013622818
84.964	0.012781919
84.997	0.012248895
85.03	0.011999139
85.064	0.012000535
85.097	0.012244532
85.13	0.01274579
85.163	0.013515481
85.197	0.014539465
85.23	0.01579331
85.263	0.017263052
85.297	0.018942058
85.33	0.020806245
85.363	0.022802727
85.397	0.024876527
85.43	0.026986106
85.463	0.029093417
85.497	0.031161458
85.53	0.033149737
85.563	0.035006592
85.597	0.036684726
85.63	0.038168954
85.663	0.039463989
85.697	0.040565466
85.73	0.041449824
85.763	0.042082332
85.797	0.042426162
85.83	0.042454785
85.863	0.042172216
85.897	0.041608475
85.93	0.040788345
85.963	0.039721774
85.996	0.038423598
86.03	0.036924884
86.063	0.035256873
86.096	0.033442777
86.13	0.031506509
86.163	0.029478262
86.196	0.027396084
86.23	0.025296453
86.263	0.023212181
86.296	0.021188995
86.33	0.019282921
86.363	0.017548238
86.396	0.01603242
86.43	0.014766707
86.463	0.013761223
86.496	0.013010208
86.53	0.012506506
86.563	0.012251862
86.596	0.012251688
86.63	0.012506331
86.663	0.013009859
86.696	0.013760525
86.729	0.014765835
86.763	0.016031547
86.796	0.017547889
86.829	0.019283445
86.863	0.021191962
86.896	0.023218813
86.929	0.025307274
86.963	0.02741092
86.996	0.029493097
87.029	0.031512094
87.063	0.033422881
87.096	0.03518863
87.129	0.036783861
87.163	0.03819688
87.196	0.039419483
87.229	0.040429679
87.263	0.041195181
87.296	0.041696265
87.329	0.041941484
87.363	0.041947418
87.396	0.041709704
87.429	0.041202686
87.463	0.040407339
87.496	0.039333264
87.529	0.03800978
87.562	0.036472669
87.596	0.03476277
87.629	0.03292616
87.662	0.030999666
87.696	0.029009292
87.729	0.026981219
87.762	0.024952972
87.796	0.022962075
87.829	0.021038199
87.862	0.019211712
87.896	0.017525375
87.929	0.01602858
87.962	0.014760599
87.996	0.013742024
88.029	0.012979839
88.062	0.012481897
88.096	0.01226949
88.129	0.012367403
88.162	0.012788551
88.196	0.013515481
88.229	0.014496879
88.262	0.015670439
88.295	0.016994096
88.329	0.018459126
88.362	0.020075126
88.395	0.021842097
88.429	0.023738572
88.462	0.025721441
88.495	0.027732758
88.529	0.029718768
88.562	0.031644041
88.595	0.033482047
88.629	0.035203989
88.662	0.036780196
88.695	0.038190771
88.729	0.039417912
88.762	0.040431599
88.795	0.041190119
88.829	0.04166642
88.862	0.041863642
88.895	0.041798716
88.929	0.04148316
88.962	0.040918721
88.995	0.040099638
89.029	0.039017534
89.062	0.03768288
89.095	0.036138613
89.128	0.034436568
89.162	0.032611477
89.195	0.030692313
89.228	0.028723233
89.262	0.026748567
89.295	0.024791529
89.328	0.022863813
89.362	0.020982348
89.395	0.019183263
89.428	0.017524502
89.462	0.016075355
89.495	0.014894291
89.528	0.014009583
89.562	0.013410237
89.595	0.013053841
89.628	0.012904266
89.662	0.01296832
89.695	0.013280734
89.728	0.013868212
89.762	0.014732324
89.795	0.015853698
89.828	0.01720371
89.861	0.018750247
89.895	0.020453514
89.928	0.022266736
89.961	0.024149423
89.995	0.026076092
90.028	0.028029639
90.061	0.029989643
90.095	0.031915265
90.128	0.033741927
90.161	0.035408367
90.195	0.036889279
90.228	0.038188153
90.261	0.039307258
90.295	0.040236122
90.328	0.040956769
90.361	0.041444065
90.395	0.041661882
90.428	0.041574965
90.461	0.041164812
90.495	0.040446086
90.528	0.039469574
90.561	0.038298458
90.595	0.036974626
90.628	0.035507676
90.661	0.033888709
90.694	0.032118945
90.728	0.030222819
90.761	0.028247979
90.794	0.026257955
90.828	0.024311913
90.861	0.022447029
90.894	0.020680581
90.928	0.019024438
90.961	0.017510539
90.994	0.016194736
91.028	0.015124674
91.061	0.01431362
91.094	0.013750926
91.128	0.013422106
91.161	0.013314419
91.194	0.013422106
91.228	0.013750926
91.261	0.01431362
91.294	0.0151245
91.328	0.016194212
91.361	0.017510016
91.394	0.01902374
91.427	0.020679883
91.461	0.022447203
91.494	0.024313484
91.527	0.026262144
91.561	0.028255659
91.594	0.030234164
91.627	0.032132035
91.661	0.03389761
91.694	0.035501044
91.727	0.036935356
91.761	0.038205606
91.794	0.039307084
91.827	0.040218495
91.861	0.040911565
91.894	0.041353482
91.927	0.041510736
91.961	0.041365001
91.994	0.040927273
92.027	0.040223905
92.061	0.039278111
92.094	0.038109788
92.127	0.036739006
92.161	0.035187932
92.194	0.033489203
92.227	0.031686976
92.26	0.029823488
92.294	0.027928584
92.327	0.026022859
92.36	0.024124115
92.394	0.022256613
92.427	0.020459099
92.46	0.018785851
92.494	0.017296387
92.527	0.016034689
92.56	0.015019082
92.594	0.014247472
92.627	0.013711307
92.66	0.013410586
92.694	0.013353689
92.727	0.013554751
92.76	0.014031051
92.794	0.014779972
92.827	0.015764512
92.86	0.016932486
92.894	0.018246021
92.927	0.019695168
92.96	0.021284465
92.993	0.02300885
93.027	0.024844762
93.06	0.026759214
93.093	0.028711364
93.127	0.030645189
93.16	0.032487733
93.193	0.034176165
93.227	0.035687794
93.26	0.037028731
93.293	0.038199323
93.327	0.03917566
93.36	0.039920218
93.393	0.040413273
93.427	0.04066879
93.46	0.040718008
93.493	0.040575065
93.527	0.040230014
93.56	0.039659466
93.593	0.038835321
93.627	0.0377314
93.66	0.036349274
93.693	0.034733797
93.727	0.032958798
93.76	0.031097928
93.793	0.029207212
93.826	0.027324351
93.86	0.025475
93.893	0.023676788
93.926	0.021940185
93.96	0.020272697
93.993	0.018699807
94.026	0.017270906
94.06	0.016038354
94.093	0.015035488
94.126	0.014274873
94.16	0.013761572
94.193	0.013502565
94.226	0.013503961
94.26	0.013761921
94.293	0.014263005
94.326	0.014993251
94.36	0.015944455
94.393	0.017109637
94.426	0.018476928
94.46	0.020029049
94.493	0.021734585
94.526	0.023546586
94.559	0.025416532
94.593	0.027302011
94.626	0.029165324
94.659	0.03096982
94.693	0.032678149
94.726	0.034260988
94.759	0.035707691
94.793	0.037020179
94.826	0.038188328
94.859	0.039176533
94.893	0.039936973
94.926	0.040438057
94.959	0.040681181
94.993	0.040681181
95.026	0.040438232
95.059	0.039937148
95.093	0.039176882
95.126	0.038188851
95.159	0.037020877
95.193	0.035708215
95.226	0.034260988
95.259	0.032676927
95.293	0.030966504
95.326	0.029158692
95.359	0.027291539
95.392	0.025403965
95.426	0.023536812
95.459	0.021737029
95.492	0.020059244
95.526	0.01855477
95.559	0.017252231
95.592	0.016152848
95.626	0.015241088
95.659	0.014515031
95.692	0.014010805
95.726	0.013780422
95.759	0.013844126
95.792	0.014177659
95.826	0.014740876
95.859	0.015512835
95.892	0.016503135
95.926	0.017724866
95.959	0.01915621
95.992	0.020745158
96.026	0.02244092
96.059	0.024201783
96.092	0.025985335
96.125	0.027751433
96.159	0.029474422
96.192	0.031145051
96.225	0.0327525
96.259	0.034275474
96.292	0.035696696
96.325	0.037005343
96.359	0.038178379
96.392	0.03917025
96.425	0.039923534
96.459	0.040399834
96.492	0.04059758
96.525	0.040535272
96.559	0.040232806
96.592	0.039705542
96.625	0.038963428
96.659	0.038008559
96.692	0.036843901
96.725	0.035478355
96.759	0.033928677
96.792	0.032228901
96.825	0.03042999
96.859	0.02858605
96.892	0.026742982
96.925	0.024936392
96.958	0.023188444
96.992	0.021513626
97.025	0.019940387
97.058	0.018518641
97.092	0.017297086
97.125	0.016303295
97.158	0.015538143
97.192	0.014989411
97.225	0.014643661
97.258	0.014490596
97.292	0.014529168
97.325	0.014780321
97.358	0.015279485
97.392	0.016044463
97.425	0.017056928
97.458	0.018274644
97.492	0.019658341
97.525	0.021176254
97.558	0.022793302
97.592	0.024476497
97.625	0.026209086
97.658	0.027979548
97.691	0.029762925
97.725	0.031521344
97.758	0.033216408
97.791	0.034812512
97.825	0.036265847
97.858	0.037530339
97.891	0.038585914
97.925	0.039433795
97.958	0.04006316
97.991	0.040448704
98.025	0.040577334
98.058	0.040446609
98.091	0.040058273
98.125	0.039425766
98.158	0.03857422
98.191	0.037517423
98.225	0.036257295
98.258	0.034819319
98.291	0.033255155
98.325	0.031612276
98.358	0.029921576
98.391	0.02820103
98.425	0.026455352
98.458	0.024692569
98.491	0.022946891
98.524	0.021274865
98.558	0.019736009
98.591	0.018373081
98.624	0.017210692
98.658	0.016260709
98.691	0.015525751
98.724	0.015001803
98.758	0.014687469
98.791	0.014580655
98.824	0.014681186
98.858	0.014994647
98.891	0.015528892
98.924	0.016291427
98.958	0.017290628
98.991	0.018521609
99.024	0.019954873
99.058	0.021537712
99.091	0.023214624
99.124	0.024948784
99.158	0.026713835
99.191	0.028475919
99.224	0.030195767
99.257	0.031845627
99.291	0.033416597
99.324	0.034901
99.357	0.036262182
99.391	0.037445341
99.424	0.038421329
99.457	0.039196255
99.491	0.039777101
99.524	0.040144144
99.557	0.040258463
99.591	0.040092133
99.624	0.039649343
99.657	0.038955225
99.691	0.038039626
99.724	0.036934658
99.757	0.035671912
99.791	0.03427338
99.824	0.032754594
99.857	0.031139815
99.891	0.029457667
99.924	0.027727348
99.957	0.025969452
99.991	0.024222727
100.024	0.022541276
100.057	0.020975192
100.09	0.019552225
100.124	0.018282324
100.157	0.017174913
100.19	0.016246397
100.224	0.015510741
100.257	0.014980336
100.29	0.014673158
100.324	0.014608406
100.357	0.014806501
100.39	0.015285419
100.424	0.016038878
100.457	0.017022022
100.49	0.018169227
100.524	0.019426736
100.557	0.020769418
100.59	0.022197796
100.624	0.023720246
100.657	0.025330487
100.69	0.02701089
100.724	0.028745573
100.757	0.030510624
100.79	0.03225543
100.823	0.033906686
100.857	0.035389169
100.89	0.036649471
100.923	0.037669441
100.957	0.038460774
100.99	0.039047902
101.023	0.039450375
101.057	0.039671683
101.09	0.039697514
101.123	0.03950832
101.157	0.039104451
101.19	0.038496204
101.223	0.037684975
101.257	0.036659594
101.29	0.035419188
101.323	0.033988542
101.357	0.032420538
101.39	0.030773471
101.423	0.029088879
101.457	0.027393815
101.49	0.02571062
101.523	0.024057095
101.557	0.022456977
101.59	0.020944649
101.623	0.019548909
101.656	0.018287211
101.69	0.017179276
101.723	0.016250935
101.756	0.015525227
101.79	0.015022398
101.823	0.014763566
101.856	0.014763566
101.89	0.015022572
101.923	0.015524878
101.956	0.016249364
101.99	0.017175087
102.023	0.018279357
102.056	0.019537041
102.09	0.020931036
102.123	0.022447203
102.156	0.02406268
102.19	0.025749366
102.223	0.027487016
102.256	0.029254511
102.29	0.031008567
102.323	0.032687399
102.356	0.034229397
102.389	0.035591452
102.423	0.036751224
102.456	0.037698414
102.489	0.038434943
102.523	0.038969188
102.556	0.039307607
102.589	0.039456135
102.623	0.039412327
102.656	0.039155415
102.689	0.038654156
102.723	0.037899301
102.756	0.036922789
102.789	0.035781868
102.823	0.03452558
102.856	0.033178185
102.889	0.031741081
102.923	0.030213744
102.956	0.028614324
102.989	0.026977729
103.023	0.025339214
103.056	0.02373578
103.089	0.022207918
103.123	0.020782334
103.156	0.019470719
103.189	0.018285989
103.222	0.017257467
103.256	0.01642093
103.289	0.015794706
103.322	0.015379143
103.356	0.015182619
103.389	0.015225729
103.422	0.015509694
103.456	0.016009556
103.489	0.016704372
103.522	0.017597282
103.556	0.018701901
103.589	0.020008978
103.622	0.021469121
103.656	0.023021242
103.689	0.024633926
103.722	0.02630473
103.756	0.028023181
103.789	0.029748788
103.822	0.03142221
103.856	0.032987421
103.889	0.034410912
103.922	0.035679242
103.955	0.03678072
103.989	0.037698588
104.022	0.038421329
104.055	0.038942135
104.089	0.039255596
104.122	0.039359444
104.155	0.0392542
104.189	0.038938819
104.222	0.038414871
104.255	0.037688116
104.289	0.036766582
104.322	0.035664756
104.355	0.034404454
104.389	0.033004002
104.422	0.031483645
104.455	0.029878291
104.489	0.028234366
104.522	0.026592186
104.555	0.024988577
104.589	0.023458796
104.622	0.022021517
104.655	0.020674996
104.689	0.019420977
104.722	0.018282149
104.755	0.017306336
104.788	0.016546594
104.822	0.016031024
104.855	0.015745313
104.888	0.015655603
104.922	0.015745313
104.955	0.016031024
104.988	0.016546594
105.022	0.017306336
105.055	0.018282324
105.088	0.019421151
105.122	0.02067517
105.155	0.022021517
105.188	0.023458796
105.222	0.024988402
105.255	0.026592011
105.288	0.028233842
105.322	0.029877593
105.355	0.031482947
105.388	0.033004002
105.422	0.034405676
105.455	0.035668421
105.488	0.036773564
105.521	0.037699112
105.555	0.038428136
105.588	0.038949466
105.621	0.03925228
105.655	0.039328377
105.688	0.039174613
105.721	0.038793084
105.755	0.038201767
105.788	0.037435742
105.821	0.036513684
105.855	0.035424599
105.888	0.034155221
105.921	0.03271672
105.955	0.031152382
105.988	0.02951823
106.021	0.02785912
106.055	0.026209435
106.088	0.024597623
106.121	0.02303887
106.155	0.021546264
106.188	0.020158902
106.221	0.018931935
106.255	0.017896083
106.288	0.017055881
106.321	0.016419709
106.354	0.01599891
106.388	0.01578563
106.421	0.015759974
106.454	0.015913214
106.488	0.016252681
106.521	0.016788846
106.554	0.017529912
106.588	0.018479895
106.621	0.01963094
106.654	0.020958612
106.688	0.022424688
106.721	0.023974366
106.754	0.02555354
106.788	0.027134285
106.821	0.02870927
106.854	0.030261217
106.888	0.031755393
106.921	0.033165619
106.954	0.034482295
106.988	0.03569495
107.021	0.036778974
107.054	0.037700508
107.087	0.038427263
107.121	0.038933234
107.154	0.039193463
107.187	0.039191019
107.221	0.038925904
107.254	0.03841557
107.287	0.037687069
107.321	0.036770073
107.354	0.035701059
107.387	0.034520693
107.421	0.033256376
107.454	0.031913869
107.487	0.030482699
107.521	0.028955536
107.554	0.027350357
107.587	0.025707304
107.621	0.024072977
107.654	0.022502181
107.687	0.021057397
107.721	0.019784703
107.754	0.018696141
107.787	0.017776004
107.821	0.017009979
107.854	0.016410458
107.887	0.016002924
107.92	0.015797673
107.954	0.015792088
107.987	0.015992452
108.02	0.016413076
108.054	0.017056405
108.087	0.01790638
108.12	0.018949738
108.154	0.020174959
108.187	0.021542599
108.22	0.022987732
108.254	0.02446428
108.287	0.025963343
108.32	0.027485096
108.354	0.029008419
108.387	0.030492647
108.42	0.031908982
108.454	0.033248522
108.487	0.034506381
108.52	0.035663185
108.554	0.036680538
108.587	0.037516027
108.62	0.038147836
108.653	0.038578234
108.687	0.038803905
108.72	0.038809665
108.753	0.038595513
108.787	0.038174365
108.82	0.037544999
108.853	0.036697642
108.887	0.035642067
108.92	0.034408468
108.953	0.033029134
108.987	0.031537401
109.02	0.029978124
109.053	0.028396158
109.087	0.026813144
109.12	0.025233796
109.153	0.023678184
109.187	0.022188022
109.22	0.020801358
109.253	0.019544022
109.287	0.018439578
109.32	0.017513157
109.353	0.01678169
109.387	0.016254775
109.42	0.015938521
109.453	0.015835198
109.486	0.015944106
109.52	0.016265596
109.553	0.016796525
109.586	0.017527294
109.62	0.018444465
109.653	0.019523777
109.686	0.020734512
109.72	0.022052061
109.753	0.023462461
109.786	0.024949831
109.82	0.026478914
109.853	0.028006426
109.886	0.029509329
109.92	0.030987274
109.953	0.032431359
109.986	0.03379481
110.02	0.035012701
110.053	0.036045936
110.086	0.036885265
110.12	0.037522659
110.153	0.037950788
110.186	0.038185186
110.219	0.038256046
110.253	0.038179776
110.286	0.037945552
110.319	0.037530164
110.353	0.036924011
110.386	0.036137566
110.419	0.035174842
110.453	0.034023448
110.486	0.032688621
110.519	0.031216784
110.553	0.029672866
110.586	0.028099975
110.619	0.026518882
110.653	0.024956638
110.686	0.023452338
110.719	0.022034433
110.753	0.020713742
110.786	0.019500389
110.819	0.018419158
110.853	0.017505129
110.886	0.016789369
110.919	0.016295965
110.953	0.016043416
110.986	0.016037481
111.019	0.016260709
111.052	0.016675399
111.086	0.017240362
111.119	0.017933084
111.152	0.01876037
111.186	0.019744561
111.219	0.020899096
111.252	0.022217692
111.286	0.023673821
111.319	0.025220008
111.352	0.026804767
111.386	0.028398776
111.419	0.029989469
111.452	0.031546303
111.486	0.033015521
111.519	0.034343193
111.552	0.03549127
111.586	0.036436017
111.619	0.037170277
111.652	0.03769981
111.686	0.038035088
111.719	0.038192342
111.752	0.038186582
111.785	0.038018507
111.819	0.037674328
111.852	0.037142003
111.885	0.036418913
111.919	0.035510643
111.952	0.034436219
111.985	0.033225309
112.019	0.031903397
112.052	0.030487237
112.085	0.028998995
112.119	0.027483525
112.152	0.025997028
112.185	0.024574585
112.219	0.023221082
112.252	0.021929015
112.285	0.020699779
112.319	0.019555193
112.352	0.018535048
112.385	0.017681058
112.419	0.017012597
112.452	0.016526697
112.485	0.01623226
112.519	0.016165763
112.552	0.01636124
112.585	0.016821832
112.618	0.017524153
112.652	0.018433295
112.685	0.019503182
112.718	0.020682326
112.752	0.021930411
112.785	0.023230158
112.818	0.024584359
112.852	0.026004533
112.885	0.027488238
112.918	0.029001264
112.952	0.030487935
112.985	0.031903222
113.018	0.03322496
113.052	0.034436044
113.085	0.035510643
113.118	0.036419436
113.152	0.037142701
113.185	0.037674677
113.218	0.038018158
113.252	0.038184313
113.285	0.038186582
113.318	0.038025139
113.351	0.037686022
113.385	0.037155965
113.418	0.036429385
113.451	0.035506804
113.485	0.03440201
113.518	0.03314101
113.551	0.031752601
113.585	0.030271689
113.618	0.028751507
113.651	0.027249127
113.685	0.025795966
113.718	0.024388707
113.751	0.023015133
113.785	0.021684145
113.818	0.020435711
113.851	0.019318351
113.885	0.018363307
113.918	0.017589777
113.951	0.017008059
113.985	0.016621294
114.018	0.016443096
114.051	0.016498597
114.084	0.016788671
114.118	0.017280156
114.151	0.017937272
114.184	0.01874344
114.218	0.019695692
114.251	0.020786348
114.284	0.02199813
114.318	0.023314981
114.351	0.024725905
114.384	0.026212053
114.418	0.027728918
114.451	0.029219604
114.484	0.030644666
114.518	0.031993805
114.551	0.03326615
114.584	0.034450531
114.618	0.035517974
114.651	0.036432526
114.684	0.037165041
114.718	0.037698588
114.751	0.038021474
114.784	0.038128288
114.818	0.038018682
114.851	0.037691956
114.884	0.037152824
114.917	0.036413328
114.951	0.035493888
114.984	0.034428539
115.017	0.033262659
115.051	0.032035867
115.084	0.030769282
115.117	0.029463776
115.151	0.028106259
115.184	0.02668399
115.217	0.025206918
115.251	0.023726006
115.284	0.022319969
115.317	0.02105635
115.351	0.019964996
115.384	0.019041891
115.417	0.018276215
115.451	0.017678789
115.484	0.017266542
115.517	0.017034239
115.551	0.016960586
115.584	0.017034239
115.617	0.017266542
115.65	0.017678789
115.684	0.018276215
115.717	0.019041891
115.75	0.019964996
115.784	0.02105635
115.817	0.022319969
115.85	0.023726006
115.884	0.025206918
115.917	0.02668399
115.95	0.028106259
115.984	0.029463776
116.017	0.030769282
116.05	0.032035867
116.084	0.033262659
116.117	0.034428539
116.15	0.035493888
116.184	0.036413502
116.217	0.037152824
116.25	0.037691956
116.284	0.038018682
116.317	0.038128288
116.35	0.038021474
116.384	0.037698588
116.417	0.037164867
116.45	0.036432526
116.483	0.035518148
116.517	0.034451054
116.55	0.033267197
116.583	0.031995027
116.617	0.030646062
116.65	0.029220302
116.683	0.027728046
116.717	0.026207166
116.75	0.024714909
116.783	0.023296131
116.817	0.021972474
116.85	0.020760342
116.883	0.019684871
116.917	0.018775205
116.95	0.018050719
116.983	0.017518219
117.017	0.017174913
117.05	0.017010677
117.083	0.017012946
117.117	0.017182417
117.15	0.017532705
117.183	0.01807463
117.216	0.018807144
117.25	0.019717857
117.283	0.02077605
117.316	0.021937742
117.35	0.023162788
117.383	0.024430246
117.416	0.025738196
117.45	0.027099204
117.483	0.028525312
117.516	0.030004653
117.55	0.031483122
117.583	0.032877291
117.616	0.034114555
117.65	0.035161578
117.683	0.036024643
117.716	0.036728534
117.75	0.03728704
117.783	0.037686196
117.816	0.037894589
117.85	0.03788848
117.883	0.037668743
117.916	0.037261732
117.95	0.036704798
117.983	0.036020105
118.016	0.035205385
118.049	0.034245105
118.083	0.033132109
118.116	0.031874948
118.149	0.030491426
118.183	0.029012259
118.216	0.027491554
118.249	0.025993538
118.283	0.02456132
118.316	0.023207818
118.349	0.0219346
118.383	0.020753536
118.416	0.019692899
118.449	0.018787597
118.483	0.018062238
118.516	0.017526422
118.549	0.017180148
118.583	0.017013644
118.616	0.017013644
118.649	0.017180148
118.683	0.017526422
118.716	0.018062238
118.749	0.018787597
118.782	0.019692899
118.816	0.020753536
118.849	0.021934774
118.882	0.023207818
118.916	0.02456132
118.949	0.025993538
118.982	0.027491205
119.016	0.029011735
119.049	0.030490204
119.082	0.031873028
119.116	0.03312984
119.149	0.03424336
119.182	0.035205734
119.216	0.036025516
119.249	0.036718411
119.282	0.037286865
119.316	0.03770522
119.349	0.037930193
119.382	0.037922514
119.416	0.037663682
119.449	0.037158932
119.482	0.036428512
119.516	0.035501568
119.549	0.034419813
119.582	0.033235781
119.615	0.031998343
119.649	0.030741182
119.682	0.029481927
119.715	0.028225988
119.749	0.026972318
119.782	0.025717077
119.815	0.02445887
119.849	0.023204152
119.882	0.021971077
119.915	0.02079298
119.949	0.019716635
119.982	0.018791087
120.015	0.018051417
120.049	0.017516648
120.082	0.017196729
120.115	0.017090788
120.149	0.017190097
120.182	0.017482963
120.215	0.017952282
120.249	0.018578855
120.282	0.019354654
120.315	0.020279853
120.348	0.021350264
120.382	0.022556461
120.415	0.023884482
120.448	0.02529593
120.482	0.02672675
120.515	0.028124934
120.548	0.029470757
120.582	0.03076265
120.615	0.031998867
120.648	0.033166143
120.682	0.034239171
120.715	0.03519247
120.748	0.03601452
120.782	0.036703227
120.815	0.037244279
120.848	0.037600501
120.882	0.037726514
120.915	0.037600501
120.948	0.037244279
120.982	0.036703402
121.015	0.036015218
121.048	0.035193866
121.082	0.034241789
121.115	0.033169808
121.148	0.032002881
121.181	0.030764919
121.215	0.029467266
121.248	0.028110447
121.281	0.026694811
121.315	0.025242173
121.348	0.023812574
121.381	0.022485949
121.415	0.021314135
121.448	0.020296783
121.481	0.019407887
121.515	0.018640291
121.548	0.018012147
121.581	0.017554522
121.615	0.017297958
121.648	0.017257641
121.681	0.01742432
121.715	0.017770593
121.748	0.018276913
121.781	0.01895061
121.815	0.019806345
121.848	0.020829457
121.881	0.02197579
121.914	0.023195077
121.948	0.024449096
121.981	0.025714459
122.014	0.026981219
122.048	0.028246758
122.081	0.029509678
122.114	0.030763173
122.148	0.031989965
122.181	0.033158638
122.214	0.034227128
122.248	0.035154422
122.281	0.035917305
122.314	0.036510194
122.348	0.036935356
122.381	0.03719157
122.414	0.037268539
122.448	0.037155616
122.481	0.036855245
122.514	0.03637528
122.548	0.035728635
122.581	0.034934685
122.614	0.033998665
122.648	0.03290382
122.681	0.031639154
122.714	0.03023015
122.747	0.028741908
122.781	0.027254363
122.814	0.025824415
122.847	0.024472658
122.881	0.023203803
122.914	0.022025881
122.947	0.020955994
122.981	0.02001212
123.014	0.019197924
123.047	0.018507297
123.081	0.01794373
123.114	0.01753288
123.147	0.017313666
123.181	0.017313143
123.214	0.017530611
123.247	0.017938843
123.281	0.018499094
123.314	0.019186404
123.347	0.019998506
123.381	0.02094622
123.414	0.022031466
123.447	0.023242026
123.48	0.024564811
123.514	0.025987603
123.547	0.027485794
123.58	0.029004405
123.614	0.030467689
123.647	0.031813338
123.68	0.033007667
123.714	0.034042473
123.747	0.034927005
123.78	0.035669294
123.814	0.036256597
123.847	0.036671811
123.88	0.036924884
123.914	0.037045486
123.947	0.037053165
123.98	0.036935356
124.014	0.036648075
124.047	0.036137042
124.08	0.03537922
124.114	0.034400789
124.147	0.033265277
124.18	0.032039009
124.214	0.030772249
124.247	0.029493621
124.28	0.028215691
124.313	0.026943695
124.347	0.025681822
124.38	0.024441765
124.413	0.023247262
124.447	0.02213444
124.48	0.021138381
124.513	0.020268509
124.547	0.019473337
124.58	0.018635753
124.613	0.017596584
124.647	0.016231388
124.68	0.014581004