x y
17.293	0.194895682
17.326	0.199471935
17.359	0.200377761
17.393	0.195595559
17.426	0.184980466
17.459	0.1694322
17.493	0.150174936
17.526	0.128353608
17.559	0.104879453
17.592	0.080391785
17.626	0.055248572
17.659	0.029601482
17.692	0.003587873
17.726	-0.022419103
17.759	-0.047673494
17.792	-0.071229679
17.826	-0.092331059
17.859	-0.110640959
17.892	-0.126184163
17.926	-0.139141837
17.959	-0.149648195
17.992	-0.157693814
18.026	-0.163146746
18.059	-0.165827572
18.092	-0.165580259
18.126	-0.162311955
18.159	-0.156016553
18.192	-0.146768227
18.226	-0.134677459
18.259	-0.119871133
18.292	-0.102521687
18.326	-0.082870327
18.359	-0.061219867
18.392	-0.037930892
18.425	-0.013430832
18.459	0.011810992
18.492	0.037336432
18.525	0.062706015
18.559	0.087454435
18.592	0.111102599
18.625	0.13323477
18.659	0.153518114
18.692	0.171645452
18.725	0.187329679
18.759	0.200353326
18.792	0.210560012
18.825	0.217817091
18.859	0.222018098
18.892	0.223105438
18.925	0.221065148
18.959	0.215905955
18.992	0.207678473
19.025	0.196480441
19.059	0.182470683
19.092	0.165881503
19.125	0.146993375
19.158	0.126140006
19.192	0.103726663
19.225	0.080201544
19.258	0.055990511
19.292	0.031462527
19.325	0.006933146
19.358	-0.01730302
19.392	-0.040905107
19.425	-0.063441671
19.458	-0.0844221
19.492	-0.103394003
19.525	-0.120040779
19.558	-0.134208838
19.592	-0.145854548
19.625	-0.154976336
19.658	-0.161561813
19.692	-0.165544829
19.725	-0.166744044
19.758	-0.164860834
19.792	-0.159662022
19.825	-0.151162443
19.858	-0.139569093
19.892	-0.125109215
19.925	-0.107935001
19.958	-0.088116962
19.991	-0.06573259
20.025	-0.041108787
20.058	-0.01504596
20.091	0.011385481
20.125	0.037359122
20.158	0.062484882
20.191	0.086588926
20.225	0.109473683
20.258	0.130856061
20.291	0.150423121
20.325	0.167882348
20.358	0.182969847
20.391	0.19544197
20.425	0.205105858
20.458	0.211842829
20.491	0.215624957
20.525	0.216467951
20.558	0.214401481
20.591	0.209469181
20.625	0.201730391
20.658	0.191270633
20.691	0.178199862
20.724	0.162651073
20.758	0.144775061
20.791	0.124750375
20.824	0.102781043
20.858	0.079165342
20.891	0.054368228
20.924	0.028912775
20.958	0.003274238
20.991	-0.021951006
21.024	-0.046005657
21.058	-0.068278328
21.091	-0.08846149
21.124	-0.106403474
21.158	-0.121989439
21.191	-0.135121994
21.224	-0.145698166
21.258	-0.153603984
21.291	-0.158756021
21.324	-0.161111169
21.358	-0.16064342
21.391	-0.157351555
21.424	-0.151281125
21.458	-0.142524459
21.491	-0.131211759
21.524	-0.117485268
21.557	-0.101454942
21.591	-0.083165113
21.624	-0.062627475
21.657	-0.039943954
21.691	-0.015485957
21.724	0.01002011
21.757	0.035685176
21.791	0.060771143
21.824	0.084798218
21.857	0.107453813
21.891	0.128482064
21.924	0.1476381
21.957	0.164705151
21.991	0.179501878
22.024	0.191843101
22.057	0.201543641
22.091	0.208446418
22.124	0.21243275
22.157	0.213413625
22.191	0.211338428
22.224	0.206245558
22.257	0.198262422
22.29	0.187581007
22.324	0.174434314
22.357	0.159043477
22.39	0.141597166
22.424	0.122263805
22.457	0.101247074
22.49	0.078816451
22.524	0.055271436
22.557	0.030903149
22.59	0.006092595
22.624	-0.018500141
22.657	-0.042020023
22.69	-0.063808714
22.724	-0.083617328
22.757	-0.101463145
22.79	-0.117387006
22.824	-0.131279303
22.857	-0.142843506
22.89	-0.151729675
22.924	-0.15769713
22.957	-0.160632774
22.99	-0.160488784
23.024	-0.157269175
23.057	-0.151045331
23.09	-0.141948675
23.123	-0.130176953
23.157	-0.115958628
23.19	-0.099453224
23.223	-0.080709435
23.257	-0.059770196
23.29	-0.036874618
23.323	-0.012626759
23.357	0.012129689
23.39	0.036666401
23.423	0.06052732
23.457	0.083427611
23.49	0.105145266
23.523	0.125461422
23.557	0.144123705
23.59	0.160857572
23.623	0.175407335
23.657	0.187560063
23.69	0.197124467
23.723	0.203929506
23.757	0.207837298
23.79	0.208779776
23.823	0.206758685
23.856	0.201842092
23.89	0.194141699
23.923	0.183821567
23.956	0.171088518
23.99	0.156158797
24.023	0.139215839
24.056	0.12043086
24.09	0.099992182
24.123	0.078108545
24.156	0.055022028
24.19	0.031035096
24.223	0.006592283
24.256	-0.017596235
24.29	-0.040664252
24.323	-0.061952033
24.356	-0.081177009
24.39	-0.09828717
24.423	-0.113285657
24.456	-0.126138261
24.49	-0.136734504
24.523	-0.144914862
24.556	-0.150523652
24.59	-0.153424739
24.623	-0.153496297
24.656	-0.15065717
24.689	-0.144914164
24.723	-0.13639242
24.756	-0.125314989
24.789	-0.111928663
24.823	-0.096407974
24.856	-0.078810517
24.889	-0.059116571
24.923	-0.037357202
24.956	-0.013820041
24.989	0.010798178
25.023	0.035546074
25.056	0.059602296
25.089	0.082478675
25.123	0.103925107
25.156	0.123762868
25.189	0.141812714
25.223	0.15790273
25.256	0.171856986
25.289	0.183482974
25.323	0.192595338
25.356	0.199046075
25.389	0.202733955
25.422	0.203622328
25.456	0.2017269
25.489	0.197072107
25.522	0.189705072
25.556	0.179711317
25.589	0.167249666
25.622	0.15254422
25.656	0.135851891
25.689	0.117427323
25.722	0.097490252
25.756	0.076210674
25.789	0.05374916
25.822	0.030346563
25.856	0.006448643
25.889	-0.017204758
25.922	-0.039733817
25.956	-0.060488574
25.989	-0.07920374
26.022	-0.095832888
26.056	-0.110366768
26.089	-0.122763842
26.122	-0.132932304
26.156	-0.140728167
26.189	-0.145977419
26.222	-0.148514429
26.255	-0.148241634
26.289	-0.145179105
26.322	-0.139455647
26.355	-0.13123759
26.389	-0.120658102
26.422	-0.107813875
26.455	-0.092800029
26.489	-0.075690566
26.522	-0.056503813
26.555	-0.035280609
26.589	-0.012294274
26.622	0.01177818
26.655	0.035996369
26.689	0.059525327
26.722	0.081843376
26.755	0.102691683
26.789	0.121935159
26.822	0.139445699
26.855	0.155058018
26.889	0.168586239
26.922	0.179836981
26.955	0.188631695
26.988	0.194829359
27.022	0.19833398
27.055	0.199079236
27.088	0.197063381
27.122	0.192347501
27.155	0.185045043
27.188	0.175276435
27.222	0.163183224
27.255	0.148934356
27.288	0.132738398
27.322	0.114796414
27.355	0.095246632
27.388	0.074168988
27.422	0.051697525
27.455	0.028220054
27.488	0.004508709
27.522	-0.018485829
27.555	-0.040047103
27.588	-0.059844373
27.622	-0.077775188
27.655	-0.093790503
27.688	-0.107820158
27.722	-0.119750705
27.755	-0.129447405
27.788	-0.136784246
27.821	-0.141653366
27.855	-0.143962785
27.888	-0.143643739
27.921	-0.140670047
27.955	-0.135068587
27.988	-0.126921914
28.021	-0.116379776
28.055	-0.103634335
28.088	-0.08885192
28.121	-0.072116656
28.155	-0.053433779
28.188	-0.032811317
28.221	-0.01046098
28.255	0.01298682
28.288	0.036587512
28.321	0.059496529
28.355	0.081222736
28.388	0.101541161
28.421	0.120309036
28.455	0.137374342
28.488	0.152559928
28.521	0.165676426
28.554	0.176547035
28.588	0.185022354
28.621	0.190989635
28.654	0.19435812
28.688	0.195077196
28.721	0.193127663
28.754	0.188519994
28.788	0.181297821
28.821	0.171562375
28.854	0.159476319
28.888	0.145268291
28.921	0.12922697
28.954	0.111641382
28.988	0.092716951
29.021	0.072559097
29.054	0.051252466
29.088	0.028979272
29.121	0.006158918
29.154	-0.016461946
29.188	-0.03799512
29.221	-0.05779588
29.254	-0.0756033
29.288	-0.091365368
29.321	-0.105058698
29.354	-0.116634245
29.387	-0.126015914
29.421	-0.133096365
29.454	-0.137743828
29.487	-0.139840841
29.521	-0.139326667
29.554	-0.136209335
29.587	-0.130561449
29.621	-0.122519321
29.654	-0.112242124
29.687	-0.099846621
29.721	-0.085403673
29.754	-0.068969827
29.787	-0.050569519
29.821	-0.030233815
29.854	-0.008223817
29.887	0.014760075
29.921	0.037741
29.954	0.059907728
29.987	0.080828467
30.021	0.100335663
30.054	0.118350602
30.087	0.134782528
30.12	0.149490243
30.154	0.162285775
30.187	0.17294869
30.22	0.181259424
30.254	0.187046936
30.287	0.190207727
30.32	0.190701655
30.354	0.188532211
30.387	0.183744773
30.42	0.17644057
30.454	0.166768828
30.487	0.154935321
30.52	0.141185617
30.554	0.12575202
30.587	0.108779042
30.62	0.090293038
30.654	0.070268003
30.687	0.048786141
30.72	0.026260398
30.754	0.003532372
30.787	-0.018394723
30.82	-0.038802334
30.854	-0.057393233
30.887	-0.074115756
30.92	-0.088982819
30.953	-0.101991805
30.987	-0.11308442
31.02	-0.122134301
31.053	-0.128971629
31.087	-0.133444209
31.12	-0.135446451
31.153	-0.134914649
31.187	-0.131844615
31.22	-0.126309827
31.253	-0.118425128
31.287	-0.10830152
31.32	-0.096025048
31.353	-0.081634634
31.387	-0.065119631
31.42	-0.046489637
31.453	-0.025958107
31.487	-0.004126831
31.52	0.018126466
31.553	0.040014291
31.587	0.061033989
31.62	0.080918875
31.653	0.099549392
31.686	0.116849968
31.72	0.132701921
31.753	0.146917802
31.786	0.159259374
31.82	0.169484211
31.853	0.17739352
31.886	0.182849419
31.92	0.185757138
31.953	0.186064316
31.986	0.183774444
32.02	0.178943372
32.053	0.171676868
32.086	0.162127823
32.12	0.150493982
32.153	0.136995082
32.186	0.121849813
32.22	0.10525592
32.253	0.087358267
32.286	0.06823452
32.32	0.047964964
32.353	0.026751534
32.386	0.00503318
32.42	-0.016449728
32.453	-0.036839014
32.486	-0.055524334
32.519	-0.072265009
32.553	-0.08700955
32.586	-0.099737189
32.619	-0.110415986
32.653	-0.118982237
32.686	-0.125334013
32.719	-0.129371833
32.753	-0.13104316
32.786	-0.130337698
32.819	-0.127260159
32.853	-0.121837246
32.886	-0.114127778
32.919	-0.104211515
32.953	-0.092162111
32.986	-0.078034544
33.019	-0.061867035
33.053	-0.043722767
33.086	-0.02385516
33.119	-0.002878048
33.153	0.018438007
33.186	0.039581799
33.219	0.060257841
33.252	0.080082687
33.286	0.098644089
33.319	0.115684088
33.352	0.131068293
33.386	0.1446953
33.419	0.156450092
33.452	0.166178034
33.486	0.173687488
33.519	0.178796765
33.552	0.18139556
33.586	0.181460137
33.619	0.179020167
33.652	0.174147731
33.686	0.166944932
33.719	0.15755349
33.752	0.146145145
33.786	0.13291712
33.819	0.118070651
33.852	0.101759851
33.886	0.084067972
33.919	0.065044058
33.952	0.044806616
33.986	0.023699477
34.019	0.002404366
34.052	-0.018212336
34.085	-0.03746995
34.119	-0.055059727
34.152	-0.070914822
34.185	-0.085017606
34.219	-0.097308389
34.252	-0.107669362
34.285	-0.115943444
34.319	-0.121978094
34.352	-0.125669291
34.385	-0.126980383
34.419	-0.125938945
34.452	-0.122609729
34.485	-0.117062898
34.519	-0.109368265
34.552	-0.09959669
34.585	-0.087796694
34.619	-0.073966181
34.652	-0.058071817
34.685	-0.040139082
34.719	-0.020424716
34.752	0.000431096
34.785	0.021553071
34.818	0.04221393
34.852	0.062000204
34.885	0.080704548
34.918	0.098201998
34.952	0.114383992
34.985	0.12912068
35.018	0.142238574
35.052	0.153514623
35.085	0.162713905
35.118	0.16966974
35.152	0.174306207
35.185	0.176588923
35.218	0.17649293
35.252	0.174007581
35.285	0.169169179
35.318	0.162071449
35.352	0.152861346
35.385	0.141710612
35.418	0.128795176
35.452	0.114290792
35.485	0.098366059
35.518	0.081141404
35.552	0.062666919
35.585	0.042999502
35.618	0.022418056
35.651	0.00158825
35.685	-0.018608002
35.718	-0.037472045
35.751	-0.054665981
35.785	-0.070093994
35.818	-0.08371943
35.851	-0.095469336
35.885	-0.105249113
35.918	-0.11298162
35.951	-0.118598439
35.985	-0.122018237
36.018	-0.123168933
36.051	-0.122026789
36.085	-0.118634044
36.118	-0.113076392
36.151	-0.105436213
36.185	-0.095755744
36.218	-0.084041443
36.251	-0.070282664
36.285	-0.054480453
36.318	-0.036716491
36.351	-0.017296387
36.384	0.003129899
36.418	0.023717977
36.451	0.043781759
36.484	0.062937445
36.518	0.080992004
36.551	0.097823436
36.584	0.113327544
36.618	0.127391582
36.651	0.139892328
36.684	0.150687364
36.718	0.159589416
36.751	0.166383459
36.784	0.170896532
36.818	0.173030197
36.851	0.17273733
36.884	0.170019155
36.918	0.164958223
36.951	0.157707951
36.984	0.14844706
37.018	0.137369979
37.051	0.124693478
37.084	0.110603085
37.118	0.095216612
37.151	0.078617658
37.184	0.060888778
37.217	0.04211846
37.251	0.022452265
37.284	0.002256885
37.317	-0.017724342
37.351	-0.036564124
37.384	-0.053626463
37.417	-0.068745203
37.451	-0.081970959
37.484	-0.093312458
37.517	-0.10268889
37.551	-0.109998853
37.584	-0.11517707
37.617	-0.118202075
37.651	-0.119085735
37.684	-0.117852485
37.717	-0.11450442
37.751	-0.109028275
37.784	-0.101441329
37.817	-0.091802573
37.851	-0.0801621
37.884	-0.066521305
37.917	-0.050870763
37.95	-0.03329041
37.984	-0.014097897
38.017	0.006018768
38.05	0.02615533
38.084	0.045590444
38.117	0.063969459
38.15	0.081191321
38.184	0.097252713
38.217	0.112124489
38.25	0.125687966
38.284	0.137746271
38.317	0.14807897
38.35	0.156483603
38.384	0.162780751
38.417	0.166833056
38.45	0.16857856
38.484	0.16801412
38.517	0.165164521
38.55	0.16010743
38.584	0.152981425
38.617	0.143935907
38.65	0.133109106
38.684	0.12066456
38.717	0.106787272
38.75	0.091614252
38.783	0.075198209
38.817	0.057548392
38.85	0.038732521
38.883	0.019067373
38.917	-0.000723788
38.95	-0.019715937
38.983	-0.037247072
39.017	-0.053096581
39.05	-0.067289424
39.083	-0.079857365
39.117	-0.090727451
39.15	-0.099738585
39.183	-0.106744163
39.217	-0.11167018
39.25	-0.114480683
39.283	-0.115152112
39.317	-0.113688828
39.35	-0.11012312
39.383	-0.104504731
39.417	-0.09688375
39.45	-0.087303115
39.483	-0.075802267
39.516	-0.062405469
39.55	-0.047102248
39.583	-0.029924019
39.616	-0.011160333
39.65	0.008471305
39.683	0.028038365
39.716	0.046842194
39.75	0.064591494
39.783	0.081231987
39.816	0.096752851
39.85	0.111100504
39.883	0.124155567
39.916	0.135736874
39.95	0.145629226
39.983	0.153617074
40.016	0.159510178
40.05	0.163171704
40.083	0.164543184
40.116	0.163642071
40.15	0.160538701
40.183	0.155345997
40.216	0.148210568
40.25	0.13928059
40.283	0.128687838
40.316	0.116571937
40.349	0.103083858
40.383	0.088342458
40.416	0.072395036
40.449	0.055248921
40.483	0.036974451
40.516	0.017865016
40.549	-0.001432566
40.583	-0.020060116
40.616	-0.037336781
40.649	-0.052936534
40.683	-0.066755353
40.716	-0.07875903
40.749	-0.088935521
40.783	-0.097272959
40.816	-0.10372963
40.849	-0.108233976
40.883	-0.110714263
40.916	-0.111129128
40.949	-0.109497943
40.983	-0.105870974
41.016	-0.10026009
41.049	-0.092639284
41.082	-0.083017982
41.116	-0.071468615
41.149	-0.058085081
41.182	-0.042936845
41.216	-0.02609337
41.249	-0.007816806
41.282	0.011237302
41.316	0.030194894
41.349	0.048400075
41.382	0.065583888
41.416	0.081691357
41.449	0.096681118
41.482	0.110444435
41.516	0.122831735
41.549	0.133695013
41.582	0.142884695
41.616	0.150242829
41.649	0.155627344
41.682	0.158949753
41.716	0.160172182
41.749	0.159267752
41.782	0.156216218
41.816	0.151046029
41.849	0.143863476
41.882	0.134853388
41.915	0.124249291
41.949	0.112270748
41.982	0.099072568
42.015	0.084733292
42.049	0.069264264
42.082	0.052639305
42.115	0.034893321
42.149	0.016323366
42.182	-0.002379582
42.215	-0.020345303
42.249	-0.036933087
42.282	-0.051887242
42.315	-0.065177925
42.349	-0.076792567
42.382	-0.086646696
42.415	-0.09463245
42.449	-0.100678096
42.482	-0.10475152
42.515	-0.106854467
42.549	-0.10701975
42.582	-0.105271803
42.615	-0.101602073
42.648	-0.095997298
42.682	-0.088457999
42.715	-0.078993776
42.748	-0.06762732
42.782	-0.054413257
42.815	-0.039423323
42.848	-0.022750192
42.882	-0.004673992
42.915	0.014122506
42.948	0.032723527
42.982	0.050448567
43.015	0.067040191
43.048	0.08247885
43.082	0.096775714
43.115	0.109885581
43.148	0.121692908
43.182	0.132026828
43.215	0.140698321
43.248	0.147538267
43.282	0.152423967
43.315	0.155289099
43.348	0.156110626
43.382	0.154894131
43.415	0.151675744
43.448	0.146520914
43.481	0.139514988
43.515	0.130763733
43.548	0.120410614
43.581	0.108632958
43.615	0.095606693
43.648	0.081457658
43.681	0.06623542
43.715	0.049942422
43.748	0.032621775
43.781	0.01453196
43.815	-0.003692419
43.848	-0.0211965
43.881	-0.037322121
43.915	-0.051788282
43.948	-0.064538436
43.981	-0.075566997
44.015	-0.084851451
44.048	-0.092350956
44.081	-0.098013677
44.115	-0.101780097
44.148	-0.103602919
44.181	-0.103472194
44.214	-0.10141288
44.248	-0.09746128
44.281	-0.091649333
44.314	-0.08401474
44.348	-0.074599736
44.381	-0.063421251
44.414	-0.050460959
44.448	-0.03573038
44.481	-0.019351687
44.514	-0.001657016
44.548	0.016678541
44.581	0.03476818
44.614	0.051942569
44.648	0.067951951
44.681	0.082788297
44.714	0.096471155
44.748	0.108962301
44.781	0.120156843
44.814	0.12990346
44.848	0.138043676
44.881	0.144447638
44.914	0.149017782
44.948	0.151672952
44.981	0.152334432
45.014	0.150940437
45.047	0.147491492
45.081	0.142083938
45.114	0.134880266
45.147	0.126055882
45.181	0.115782525
45.214	0.104233157
45.247	0.091549326
45.281	0.077816028
45.314	0.063066251
45.347	0.047299819
45.381	0.030544658
45.414	0.013029581
45.447	-0.004643099
45.481	-0.021644526
45.514	-0.037322644
45.547	-0.051374116
45.581	-0.063717259
45.614	-0.074328162
45.647	-0.083165637
45.681	-0.090179766
45.714	-0.095338959
45.747	-0.09862716
45.78	-0.100035466
45.814	-0.09957051
45.847	-0.097263185
45.88	-0.093149618
45.914	-0.087260005
45.947	-0.079626982
45.98	-0.070269225
46.014	-0.05916352
46.047	-0.046263268
46.08	-0.031591856
46.114	-0.015345284
46.147	0.002051111
46.18	0.01991665
46.214	0.037445516
46.247	0.054034521
46.28	0.069445953
46.314	0.083662358
46.347	0.096695778
46.38	0.108508516
46.414	0.119017492
46.447	0.128115021
46.48	0.135671773
46.514	0.141540094
46.547	0.145595715
46.58	0.147764112
46.613	0.148008458
46.647	0.146317409
46.68	0.14271854
46.713	0.137303481
46.747	0.130213605
46.78	0.121589933
46.813	0.111545563
46.847	0.10019272
46.88	0.087651831
46.913	0.073999691
46.947	0.059228097
46.98	0.043312091
47.013	0.0264187
47.047	0.009105034
47.08	-0.007828674
47.113	-0.023745204
47.147	-0.038333888
47.18	-0.051459637
47.213	-0.063020698
47.247	-0.072932597
47.28	-0.081145942
47.313	-0.087643105
47.346	-0.092407504
47.38	-0.095392017
47.413	-0.096536604
47.446	-0.095818227
47.48	-0.093269173
47.513	-0.088947389
47.546	-0.082892144
47.58	-0.075095758
47.613	-0.065518613
47.646	-0.054135052
47.68	-0.040954151
47.713	-0.026059511
47.746	-0.009754296
47.78	0.007300538
47.813	0.024267058
47.846	0.040537017
47.88	0.055872527
47.913	0.070231875
47.946	0.083620644
47.98	0.09603552
48.013	0.107408958
48.046	0.117585275
48.08	0.126368296
48.113	0.133580345
48.146	0.139073943
48.179	0.142738437
48.213	0.144526003
48.246	0.144441354
48.279	0.142510322
48.313	0.138780554
48.346	0.133325352
48.379	0.126228844
48.413	0.117593304
48.446	0.107562896
48.479	0.096315995
48.513	0.084025386
48.546	0.070809404
48.579	0.056695101
48.613	0.041645127
48.646	0.025652151
48.679	0.008923694
48.713	-0.007930776
48.746	-0.02404034
48.779	-0.038700058
48.813	-0.051569243
48.846	-0.062578257
48.879	-0.071801624
48.912	-0.079345286
48.946	-0.085271028
48.979	-0.089574137
49.012	-0.09220365
49.046	-0.093102669
49.079	-0.092235764
49.112	-0.089594034
49.146	-0.085190219
49.179	-0.07904282
49.212	-0.07114922
49.246	-0.061463166
49.279	-0.049943993
49.312	-0.036666575
49.346	-0.021851173
49.379	-0.005864481
49.412	0.010690142
49.446	0.027073896
49.479	0.042760567
49.512	0.057561831
49.546	0.071438595
49.579	0.084355602
49.612	0.096258573
49.646	0.107054133
49.679	0.116587121
49.712	0.124683529
49.745	0.131215598
49.779	0.136108105
49.812	0.139304676
49.845	0.140751728
49.879	0.140410691
49.912	0.138273885
49.945	0.134375517
49.979	0.128795176
50.012	0.121648227
50.045	0.113061905
50.079	0.103167285
50.112	0.092117256
50.145	0.080078848
50.179	0.067179119
50.212	0.053460308
50.245	0.038900946
50.279	0.023504524
50.312	0.007472104
50.345	-0.008647757
50.379	-0.024101426
50.412	-0.038278212
50.445	-0.050835682
50.478	-0.061596684
50.512	-0.070495419
50.545	-0.077570111
50.578	-0.082920767
50.612	-0.086647743
50.645	-0.088791357
50.678	-0.089314956
50.712	-0.088159897
50.745	-0.085316406
50.778	-0.080814504
50.812	-0.074640751
50.845	-0.06670055
50.878	-0.056912569
50.912	-0.045337022
50.945	-0.032163277
50.978	-0.017602344
51.012	-0.001939933
51.045	0.014254802
51.078	0.030210777
51.112	0.045363027
51.145	0.059516077
51.178	0.072662246
51.211	0.084826143
51.245	0.096011086
51.278	0.106150751
51.311	0.115097134
51.345	0.122678495
51.378	0.128761491
51.411	0.133257983
51.445	0.136107931
51.478	0.137268226
51.511	0.136699947
51.545	0.134385116
51.578	0.130355675
51.611	0.124682482
51.645	0.117460659
51.678	0.108832798
51.711	0.098984952
51.745	0.088091654
51.778	0.076291658
51.811	0.063690381
51.845	0.050338088
51.878	0.036209473
51.911	0.021278182
51.945	0.005713859
51.978	-0.009931273
52.011	-0.024849474
52.044	-0.038380837
52.078	-0.050224642
52.111	-0.060324339
52.144	-0.068691971
52.178	-0.075349005
52.211	-0.080343614
52.244	-0.083743516
52.278	-0.085594786
52.311	-0.085888874
52.344	-0.084568533
52.378	-0.081575468
52.411	-0.07687198
52.444	-0.070408327
52.478	-0.06210789
52.511	-0.051920229
52.544	-0.039923534
52.578	-0.026357264
52.611	-0.011598411
52.644	0.00378335
52.678	0.019090935
52.711	0.033800919
52.744	0.047718174
52.778	0.060849334
52.811	0.073246058
52.844	0.084914282
52.877	0.095767089
52.911	0.105622963
52.944	0.114257805
52.977	0.121468807
53.011	0.127106221
53.044	0.131081906
53.077	0.133370207
53.111	0.133986658
53.144	0.13295639
53.177	0.130308027
53.211	0.126083981
53.244	0.120342197
53.277	0.11315912
53.311	0.104631791
53.344	0.09488657
53.377	0.084086473
53.411	0.072403762
53.444	0.059975098
53.477	0.04688286
53.511	0.033143279
53.544	0.018745011
53.577	0.003818431
53.61	-0.011174471
53.644	-0.025550049
53.677	-0.038725715
53.71	-0.050329012
53.744	-0.060126418
53.777	-0.068029793
53.81	-0.074103713
53.844	-0.078486409
53.877	-0.081292724
53.91	-0.0825724
53.944	-0.082335558
53.977	-0.080588658
54.01	-0.077337983
54.044	-0.072579342
54.077	-0.066268057
54.11	-0.058278289
54.144	-0.048442661
54.177	-0.036705147
54.21	-0.023232427
54.244	-0.008450361
54.277	0.006932273
54.31	0.022098312
54.343	0.036495882
54.377	0.049974012
54.41	0.062596583
54.443	0.074441609
54.477	0.085502284
54.51	0.095687327
54.543	0.10486165
54.577	0.112868697
54.61	0.119552959
54.643	0.124776032
54.677	0.12842569
54.71	0.130431248
54.743	0.130755181
54.777	0.129379163
54.81	0.126336182
54.843	0.121735319
54.877	0.11572266
54.91	0.10843399
54.943	0.099985375
54.977	0.090485548
55.01	0.080046559
55.043	0.06877627
55.077	0.05676823
55.11	0.044076196
55.143	0.030694407
55.176	0.016607855
55.21	0.001968208
55.243	-0.012726068
55.276	-0.026739666
55.31	-0.039430828
55.343	-0.050405807
55.376	-0.059496005
55.41	-0.066725683
55.443	-0.072237956
55.476	-0.076184669
55.51	-0.078635635
55.543	-0.079576716
55.576	-0.078998314
55.61	-0.076946156
55.643	-0.073473649
55.676	-0.06856142
55.71	-0.062088343
55.743	-0.053875696
55.776	-0.043820505
55.81	-0.032020858
55.843	-0.018754435
55.876	-0.004420919
55.909	0.010387851
55.943	0.024968506
55.976	0.038839335
56.009	0.051862982
56.043	0.064060041
56.076	0.075453202
56.109	0.086028675
56.143	0.095718394
56.176	0.104388841
56.209	0.111876478
56.243	0.118039584
56.276	0.122769427
56.309	0.125974026
56.343	0.127585488
56.376	0.127576412
56.409	0.125954478
56.443	0.122764365
56.476	0.118093166
56.509	0.112048044
56.543	0.104731798
56.576	0.09624496
56.609	0.08671267
56.643	0.07629829
56.676	0.065181241
56.709	0.053489804
56.742	0.041254697
56.776	0.028407677
56.809	0.014841058
56.842	0.000608771
56.876	-0.013820913
56.909	-0.027623675
56.942	-0.039991078
56.976	-0.050437921
57.009	-0.058877112
57.042	-0.065480216
57.076	-0.070442536
57.109	-0.073875598
57.142	-0.075844504
57.176	-0.076404581
57.209	-0.075590559
57.242	-0.073406978
57.276	-0.069803396
57.309	-0.064642283
57.342	-0.057699887
57.376	-0.04871563
57.409	-0.037558089
57.442	-0.024534268
57.476	-0.010504962
57.509	0.003537259
57.542	0.017027083
57.575	0.029890334
57.609	0.042237841
57.642	0.054141161
57.675	0.065569402
57.709	0.076396901
57.742	0.086450172
57.775	0.095560965
57.809	0.103587211
57.842	0.110406736
57.875	0.115919358
57.909	0.120050902
57.942	0.122746214
57.975	0.123966024
58.009	0.12368747
58.042	0.121896937
58.075	0.11858849
58.109	0.113786392
58.142	0.107591694
58.175	0.100176838
58.209	0.09172159
58.242	0.082376748
58.275	0.072269546
58.308	0.0615157
58.342	0.050198287
58.375	0.038327081
58.408	0.025839774
58.442	0.012679817
58.475	-0.001023985
58.508	-0.014783288
58.542	-0.027851441
58.575	-0.039547765
58.608	-0.049465074
58.642	-0.057497429
58.675	-0.063743089
58.708	-0.068346046
58.742	-0.071410844
58.775	-0.073016373
58.808	-0.073243615
58.842	-0.072155926
58.875	-0.069749989
58.908	-0.065930162
58.942	-0.060524702
58.975	-0.053351923
59.008	-0.044325254
59.041	-0.033561809
59.075	-0.021361085
59.108	-0.008127824
59.141	0.005582436
59.175	0.019135092
59.208	0.032116676
59.241	0.044426134
59.275	0.056082141
59.308	0.067079635
59.341	0.077359276
59.375	0.086821578
59.408	0.095358507
59.441	0.102866215
59.475	0.109228813
59.508	0.114319764
59.541	0.118034174
59.575	0.120297168
59.608	0.121059353
59.641	0.120313225
59.675	0.11810835
59.708	0.114526935
59.741	0.109647343
59.775	0.103532582
59.808	0.096248451
59.841	0.087886927
59.874	0.078585369
59.908	0.068508536
59.941	0.05779012
59.974	0.04646433
60.008	0.034461177
60.041	0.021698108
60.074	0.008292234
60.108	-0.005247856
60.141	-0.018203086
60.174	-0.030037465
60.208	-0.040460921
60.241	-0.049287051
60.274	-0.056446915
60.308	-0.062015737
60.341	-0.066130351
60.374	-0.068904901
60.408	-0.070377435
60.441	-0.070503273
60.474	-0.06920405
60.508	-0.06640332
60.541	-0.062006312
60.574	-0.05588265
60.607	-0.04793669
60.641	-0.038233532
60.674	-0.027015951
60.707	-0.014649596
60.741	-0.001670804
60.774	0.011275351
60.807	0.023734558
60.841	0.035581329
60.874	0.04687361
60.907	0.057685052
60.941	0.068023684
60.974	0.077809571
61.007	0.086888773
61.041	0.095063372
61.074	0.102139635
61.107	0.107977761
61.141	0.112511254
61.174	0.115709744
61.207	0.117529948
61.241	0.117926138
61.274	0.116889936
61.307	0.114446999
61.341	0.110631534
61.374	0.105494507
61.407	0.099133654
61.44	0.091695061
61.474	0.083337203
61.507	0.074206687
61.54	0.064420452
61.574	0.054042549
61.607	0.043064778
61.64	0.031418719
61.674	0.019054283
61.707	0.006114412
61.74	-0.006924943
61.774	-0.01941609
61.807	-0.030861435
61.84	-0.040936174
61.874	-0.049374492
61.907	-0.056044442
61.94	-0.061007111
61.974	-0.064423419
62.007	-0.066467723
62.04	-0.067274938
62.074	-0.066899866
62.107	-0.065315282
62.14	-0.062415767
62.174	-0.058015442
62.207	-0.051904696
62.24	-0.043970778
62.273	-0.03428455
62.307	-0.023076918
62.34	-0.010720336
62.373	0.00218777
62.407	0.014937051
62.44	0.027067439
62.473	0.038502836
62.507	0.049344647
62.54	0.059672284
62.573	0.069479987
62.607	0.078685202
62.64	0.087144639
62.673	0.094680621
62.707	0.101132056
62.74	0.106392828
62.773	0.110396264
62.807	0.113092798
62.84	0.114457645
62.873	0.114494472
62.907	0.113210956
62.94	0.11060902
62.973	0.106702275
63.006	0.101548143
63.04	0.095244363
63.073	0.087898795
63.106	0.079624713
63.14	0.070556855
63.173	0.060838338
63.206	0.050579991
63.24	0.039818116
63.273	0.028488835
63.306	0.016468403
63.34	0.00377026
63.373	-0.009192126
63.406	-0.02163004
63.44	-0.032738188
63.473	-0.042024736
63.506	-0.04940329
63.54	-0.055061822
63.573	-0.05924939
63.606	-0.062150826
63.64	-0.06386055
63.673	-0.064395319
63.706	-0.063717782
63.739	-0.061740848
63.773	-0.058303247
63.806	-0.053176692
63.839	-0.046189964
63.873	-0.037398217
63.906	-0.027086288
63.939	-0.015665552
63.973	-0.003694862
64.006	0.008197986
64.039	0.019622388
64.073	0.030541342
64.106	0.041069866
64.139	0.051273934
64.173	0.061115322
64.206	0.07047657
64.239	0.079194315
64.273	0.087103623
64.306	0.094075341
64.339	0.10000981
64.373	0.104821159
64.406	0.108437655
64.439	0.110798213
64.473	0.111848029
64.506	0.111546785
64.539	0.109890293
64.572	0.106912063
64.606	0.102666026
64.639	0.097221995
64.672	0.090675091
64.706	0.083151674
64.739	0.074806208
64.772	0.065819682
64.806	0.056376404
64.839	0.046612508
64.872	0.036581578
64.906	0.026231251
64.939	0.015407592
64.972	0.003935019
65.006	-0.008159414
65.039	-0.020356124
65.072	-0.031683835
65.106	-0.041245097
65.139	-0.048675662
65.172	-0.054096306
65.206	-0.057819093
65.239	-0.060138461
65.272	-0.061255297
65.305	-0.061269609
65.339	-0.060184712
65.372	-0.057904789
65.405	-0.054219177
65.439	-0.048821746
65.472	-0.041456282
65.505	-0.032152281
65.539	-0.021347471
65.572	-0.009800373
65.605	0.00171688
65.639	0.012778428
65.672	0.023368039
65.705	0.033635113
65.739	0.043677388
65.772	0.053471303
65.805	0.062898176
65.839	0.071808256
65.872	0.080049701
65.905	0.087453911
65.939	0.093861887
65.972	0.09917432
66.005	0.103344261
66.039	0.10633785
66.072	0.108122973
66.105	0.108671181
66.138	0.107961879
66.172	0.105997336
66.205	0.102812634
66.238	0.098460655
66.272	0.092997949
66.305	0.086503579
66.338	0.079093086
66.372	0.070907142
66.405	0.062101084
66.438	0.052840541
66.472	0.043265665
66.505	0.033442777
66.538	0.023349887
66.572	0.012881228
66.605	0.001889843
66.638	-0.00960542
66.672	-0.021119182
66.705	-0.031737765
66.738	-0.040639119
66.772	-0.047513796
66.805	-0.052488334
66.838	-0.055856819
66.871	-0.057895364
66.905	-0.058764363
66.938	-0.058501342
66.971	-0.057059875
67.005	-0.054308712
67.038	-0.049994956
67.071	-0.04379642
67.105	-0.035533682
67.138	-0.025483901
67.171	-0.01447035
67.205	-0.003427827
67.238	0.007156374
67.271	0.017301274
67.305	0.027197466
67.338	0.036944082
67.371	0.046499935
67.405	0.055747038
67.438	0.064560078
67.471	0.072818453
67.505	0.080397719
67.538	0.087184607
67.571	0.093095513
67.605	0.098045092
67.638	0.101912917
67.671	0.10457018
67.704	0.105939566
67.738	0.106014091
67.771	0.104830933
67.804	0.102448384
67.838	0.098934687
67.871	0.094356688
67.904	0.088770413
67.938	0.082239565
67.971	0.074864677
68.004	0.06678101
68.038	0.058139012
68.071	0.049095065
68.104	0.039795252
68.138	0.03032719
68.171	0.020670982
68.204	0.010686127
68.238	0.000184481
68.271	-0.010828895
68.304	-0.021845065
68.338	-0.031919978
68.371	-0.040233854
68.404	-0.046513897
68.437	-0.050933594
68.471	-0.05379768
68.504	-0.055364113
68.537	-0.055803063
68.571	-0.055173697
68.604	-0.053400443
68.637	-0.050271766
68.671	-0.045482233
68.704	-0.038788721
68.737	-0.030239051
68.771	-0.020276014
68.804	-0.009623396
68.837	0.000999725
68.871	0.011193495
68.904	0.020936621
68.937	0.030376757
68.971	0.039619498
69.004	0.04866135
69.037	0.05742395
69.071	0.065796644
69.104	0.073638583
69.137	0.0807878
69.171	0.08709542
69.204	0.092442586
69.237	0.096741855
69.27	0.099934237
69.304	0.10198081
69.337	0.102871451
69.37	0.102623266
69.404	0.101244106
69.437	0.098719139
69.47	0.095038763
69.504	0.090230555
69.537	0.084380212
69.57	0.077629627
69.604	0.07014932
69.637	0.062107367
69.67	0.053659973
69.704	0.044947988
69.737	0.03610964
69.77	0.027265883
69.804	0.018440974
69.837	0.009499304
69.87	0.000189892
69.904	-0.009682389
69.937	-0.019961505
69.97	-0.029895396
70.003	-0.038430928
70.037	-0.044913081
70.07	-0.049343076
70.103	-0.052058459
70.137	-0.053394334
70.17	-0.053535706
70.203	-0.052477862
70.237	-0.050066689
70.27	-0.04610165
70.303	-0.040462666
70.337	-0.0332288
70.37	-0.024636719
70.403	-0.014985921
70.437	-0.004733682
70.47	0.005527283
70.503	0.015389964
70.537	0.024787341
70.57	0.033836698
70.603	0.042663177
70.637	0.051296274
70.67	0.059636679
70.703	0.067510732
70.736	0.07475315
70.77	0.081250662
70.803	0.086928567
70.836	0.091716005
70.87	0.095530073
70.903	0.098281759
70.936	0.099898632
70.97	0.10035172
71.003	0.099641894
71.036	0.097779628
71.07	0.094793544
71.103	0.090748744
71.136	0.085742267
71.17	0.079876564
71.203	0.073249374
71.236	0.065974144
71.27	0.058186136
71.303	0.050017995
71.336	0.041596258
71.37	0.033041526
71.403	0.024416982
71.436	0.015661363
71.47	0.006593505
71.503	-0.002972645
71.536	-0.012995373
71.569	-0.022947589
71.603	-0.031915265
71.636	-0.039138834
71.669	-0.044401874
71.703	-0.047915048
71.736	-0.050008221
71.769	-0.050936038
71.803	-0.050784718
71.836	-0.049454777
71.869	-0.046692968
71.903	-0.042160872
71.936	-0.035576268
71.969	-0.027013857
72.003	-0.017183988
72.036	-0.007154105
72.069	0.002364048
72.103	0.011288964
72.136	0.019872319
72.169	0.028358284
72.203	0.036832381
72.236	0.045229684
72.269	0.053424005
72.303	0.061289157
72.336	0.068696334
72.369	0.075500675
72.402	0.08155016
72.436	0.086716858
72.469	0.09092956
72.502	0.094155975
72.536	0.096353868
72.569	0.097467388
72.602	0.097460058
72.636	0.096336939
72.669	0.094146376
72.702	0.090957485
72.736	0.086823149
72.769	0.081770944
72.802	0.075847471
72.836	0.069165304
72.869	0.061897927
72.902	0.05423279
72.936	0.046319118
72.969	0.038249589
73.002	0.030074641
73.036	0.021805271
73.069	0.013389642
73.102	0.004700521
73.135	-0.004407829
73.169	-0.013893868
73.202	-0.023255989
73.235	-0.031611927
73.269	-0.038233183
73.302	-0.042934576
73.335	-0.045951203
73.369	-0.047616771
73.402	-0.048159219
73.435	-0.047629861
73.469	-0.045895003
73.502	-0.042655672
73.535	-0.037549188
73.569	-0.03039456
73.602	-0.021512405
73.635	-0.011773118
73.669	-0.00213
73.702	0.006923198
73.735	0.015407767
73.769	0.023574511
73.802	0.031658702
73.835	0.039759124
73.869	0.047813993
73.902	0.055651743
73.935	0.06306852
73.968	0.069888917
74.002	0.075998966
74.035	0.081345608
74.068	0.085902488
74.102	0.08961777
74.135	0.0924
74.168	0.094152659
74.202	0.094816233
74.235	0.094384613
74.268	0.092886423
74.302	0.090359535
74.335	0.086848631
74.368	0.08241916
74.402	0.077148963
74.435	0.071124785
74.468	0.064463736
74.502	0.057315391
74.535	0.049830721
74.568	0.042143942
74.602	0.034368849
74.635	0.026590091
74.668	0.018842749
74.701	0.011058755
74.735	0.003038793
74.768	-0.005454328
74.801	-0.014438411
74.835	-0.023416035
74.868	-0.031449262
74.901	-0.037722499
74.935	-0.041990527
74.968	-0.044474131
75.001	-0.045516442
75.035	-0.045338942
75.068	-0.043934999
75.101	-0.041116816
75.135	-0.036711605
75.168	-0.030754796
75.201	-0.023468395
75.235	-0.015151378
75.268	-0.006246533
75.301	0.002690774
75.335	0.011294026
75.368	0.019509989
75.401	0.02744059
75.434	0.035186012
75.468	0.042782907
75.501	0.050199334
75.534	0.057356057
75.568	0.064145388
75.601	0.070444281
75.634	0.076127597
75.668	0.081072813
75.701	0.085165261
75.734	0.088325528
75.768	0.090522374
75.801	0.091751435
75.834	0.092006079
75.868	0.091267804
75.901	0.089519334
75.934	0.086765379
75.968	0.083039799
76.001	0.07841869
76.034	0.07302667
76.068	0.067002492
76.101	0.060450875
76.134	0.053447043
76.168	0.046081928
76.201	0.038493935
76.234	0.030849742
76.267	0.023304334
76.301	0.015956149
76.334	0.008801172
76.367	0.001708852
76.401	-0.005561666
76.434	-0.0132467
76.467	-0.021284465
76.501	-0.029027967
76.534	-0.035487605
76.567	-0.039991951
76.601	-0.042441346
76.634	-0.043025159
76.667	-0.041948814
76.701	-0.039391383
76.734	-0.035509596
76.767	-0.030347261
76.801	-0.023867901
76.834	-0.016235227
76.867	-0.007961145
76.901	0.00033458
76.934	0.008298517
76.967	0.015942186
77	0.023426682
77.034	0.03085428
77.067	0.038227423
77.1	0.045489913
77.134	0.052553958
77.167	0.059301925
77.2	0.065604658
77.234	0.071348885
77.267	0.076436869
77.3	0.080774885
77.334	0.084274445
77.367	0.086875858
77.4	0.088556959
77.434	0.089301342
77.467	0.089074973
77.5	0.08785045
77.534	0.085650637
77.567	0.08255355
77.6	0.078650819
77.634	0.074005625
77.667	0.068649908
77.7	0.062626951
77.734	0.056041126
77.767	0.049061729
77.8	0.041870798
77.833	0.03461878
77.867	0.027417377
77.9	0.020354553
77.933	0.013496806
77.967	0.006858446
78	0.000342434
78.033	-0.006282487
78.067	-0.013285097
78.1	-0.020666269
78.133	-0.027828402
78.167	-0.033788876
78.2	-0.037872947
78.233	-0.04000347
78.267	-0.040386744
78.3	-0.039166236
78.333	-0.036303721
78.367	-0.031688896
78.4	-0.025394192
78.433	-0.017836392
78.467	-0.009708394
78.5	-0.001695936
78.533	0.005847551
78.566	0.012955405
78.6	0.019842823
78.633	0.02671558
78.666	0.033675081
78.7	0.040700904
78.733	0.047680999
78.766	0.054458985
78.8	0.06087883
78.833	0.066806142
78.866	0.072123637
78.9	0.076733051
78.933	0.080557766
78.966	0.083531109
79	0.085595833
79.033	0.086715113
79.066	0.086885632
79.1	0.08614282
79.133	0.084531881
79.166	0.082081613
79.2	0.078809644
79.233	0.074733951
79.266	0.06988595
79.3	0.064342436
79.333	0.058237623
79.366	0.051734002
79.399	0.044981498
79.433	0.038103679
79.466	0.031218355
79.499	0.024428675
79.533	0.017782636
79.566	0.011250741
79.599	0.004734031
79.633	-0.001907819
79.666	-0.008753175
79.699	-0.01570552
79.733	-0.022510035
79.766	-0.028705081
79.799	-0.033600904
79.833	-0.036584196
79.866	-0.037344112
79.899	-0.035759527
79.933	-0.031871981
79.966	-0.026118154
79.999	-0.019408061
80.033	-0.012694129
80.066	-0.006435553
80.099	-0.000559553
80.132	0.00521836
80.166	0.011145673
80.199	0.017351889
80.232	0.023839627
80.266	0.030517257
80.299	0.03726627
80.332	0.043982821
80.366	0.050557651
80.399	0.05684869
80.432	0.062690481
80.466	0.067950729
80.499	0.072555082
80.532	0.076466365
80.566	0.079649671
80.599	0.082065207
80.632	0.083673528
80.666	0.084432921
80.699	0.084295389
80.732	0.083234054
80.766	0.081265497
80.799	0.07843178
80.832	0.074780552
80.866	0.070376388
80.899	0.065314758
80.932	0.059711728
80.965	0.053689295
80.999	0.047361429
81.032	0.040837388
81.065	0.034228874
81.099	0.027648633
81.132	0.021213255
81.165	0.015033743
81.199	0.009172054
81.232	0.003573911
81.265	-0.001950231
81.299	-0.007676831
81.332	-0.013854075
81.365	-0.020399583
81.399	-0.026582761
81.432	-0.03125972
81.465	-0.033550464
81.499	-0.033159685
81.532	-0.030286873
81.565	-0.025605027
81.599	-0.020142147
81.632	-0.014692705
81.665	-0.009308364
81.698	-0.003663097
81.732	0.002318321
81.765	0.008496263
81.798	0.014800043
81.832	0.021218666
81.865	0.027713036
81.898	0.034216831
81.932	0.040659539
81.965	0.046969952
81.998	0.053053646
82.032	0.058792638
82.065	0.064067721
82.098	0.068774874
82.132	0.072840444
82.165	0.07622359
82.198	0.078888533
82.232	0.080778027
82.265	0.081820861
82.298	0.081971308
82.332	0.081231812
82.365	0.07963344
82.398	0.077211621
82.432	0.074013829
82.465	0.070104291
82.498	0.065558057
82.531	0.06046222
82.565	0.054923243
82.598	0.049061205
82.631	0.042980304
82.665	0.036753667
82.698	0.030446396
82.731	0.024158498
82.765	0.018026459
82.798	0.01217786
82.831	0.006702937
82.865	0.001672549
82.898	-0.002842443
82.931	-0.00676926
82.965	-0.010051351
82.998	-0.012699365
83.031	-0.014827096
83.065	-0.016587435
83.098	-0.018024888
83.131	-0.018903836
83.165	-0.01863488
83.198	-0.016631068
83.231	-0.012921371
83.264	-0.008164999
83.298	-0.00301366
83.331	0.002267881
83.364	0.007679274
83.398	0.013271484
83.431	0.01904992
83.464	0.024973742
83.498	0.030986576
83.531	0.037033967
83.564	0.043055178
83.598	0.048966957
83.631	0.054656905
83.664	0.059990981
83.698	0.064824321
83.731	0.069030041
83.764	0.072534837
83.798	0.07531724
83.831	0.077368351
83.864	0.078662862
83.898	0.07916988
83.931	0.078885915
83.964	0.077839067
83.998	0.076042774
84.031	0.073477314
84.064	0.070135358
84.097	0.066071359
84.131	0.061412377
84.164	0.056313397
84.197	0.050887867
84.231	0.045201933
84.264	0.03932349
84.297	0.03334085
84.331	0.027351578
84.364	0.021457427
84.397	0.015758403
84.431	0.010346835
84.464	0.005305103
84.497	0.000707207
84.531	-0.003375816
84.564	-0.006872758
84.597	-0.009724451
84.631	-0.011892848
84.664	-0.013340424
84.697	-0.014013947
84.731	-0.013862103
84.764	-0.012880704
84.797	-0.011131885
84.83	-0.008702212
84.864	-0.005641602
84.897	-0.001970128
84.93	0.002266659
84.964	0.006976605
84.997	0.012056734
85.03	0.017419433
85.064	0.023002392
85.097	0.028755172
85.13	0.034608657
85.164	0.040459176
85.197	0.046188742
85.23	0.051687751
85.264	0.056850435
85.297	0.061571202
85.33	0.065775176
85.364	0.069419947
85.397	0.072454028
85.43	0.07480359
85.464	0.076403359
85.497	0.077212668
85.53	0.077207956
85.564	0.076389222
85.597	0.074780028
85.63	0.072425753
85.663	0.069400225
85.697	0.06579071
85.73	0.061659864
85.763	0.057045563
85.797	0.052001736
85.83	0.046628042
85.863	0.041055205
85.897	0.035393532
85.93	0.029717198
85.963	0.024094619
85.997	0.018603464
86.03	0.013330301
86.063	0.008376708
86.097	0.003841819
86.13	-0.000200189
86.163	-0.003692244
86.197	-0.006577273
86.23	-0.008808851
86.263	-0.010361147
86.297	-0.011214788
86.33	-0.011342371
86.363	-0.010722605
86.396	-0.009368404
86.43	-0.007330732
86.463	-0.004676784
86.496	-0.00146852
86.53	0.002253046
86.563	0.006470808
86.596	0.011156843
86.63	0.016224232
86.663	0.021541203
86.696	0.026986106
86.73	0.032473945
86.763	0.037946949
86.796	0.043347695
86.83	0.048597297
86.863	0.053594174
86.896	0.058237972
86.93	0.062443517
86.963	0.066125813
86.996	0.069203003
87.03	0.071615746
87.063	0.073326343
87.096	0.074314374
87.13	0.074577744
87.163	0.074128148
87.196	0.072976754
87.229	0.071115884
87.263	0.06852948
87.296	0.065253323
87.329	0.06140365
87.363	0.057122357
87.396	0.052510499
87.429	0.047625497
87.463	0.042511159
87.496	0.037226477
87.529	0.031852259
87.563	0.026481706
87.596	0.021212557
87.629	0.016137838
87.663	0.011328409
87.696	0.006847101
87.729	0.002790083
87.763	-0.000723788
87.796	-0.0036151
87.829	-0.005872335
87.863	-0.007517831
87.896	-0.008559095
87.929	-0.008967851
87.962	-0.008703259
87.996	-0.00774612
88.029	-0.006112318
88.062	-0.003847927
88.096	-0.001002866
88.129	0.002388134
88.162	0.006286152
88.196	0.01062347
88.229	0.015307061
88.262	0.020244249
88.296	0.025358412
88.329	0.030572409
88.362	0.035806651
88.396	0.040987312
88.429	0.046031488
88.462	0.050844408
88.496	0.055355735
88.529	0.059514506
88.562	0.063246543
88.596	0.066450968
88.629	0.069030914
88.662	0.070926167
88.696	0.072125906
88.729	0.072640953
88.762	0.072461358
88.795	0.071557976
88.829	0.06991405
88.862	0.067549304
88.895	0.064538436
88.929	0.060997163
88.962	0.057034044
88.995	0.05272535
89.029	0.048127629
89.062	0.043308775
89.095	0.038354308
89.129	0.033334043
89.162	0.028285329
89.195	0.023255814
89.229	0.018352312
89.262	0.013719161
89.295	0.009456892
89.329	0.005595875
89.362	0.002152864
89.395	-0.00081472
89.429	-0.003232001
89.462	-0.005058488
89.495	-0.006283709
89.528	-0.00688131
89.562	-0.006801897
89.595	-0.006019466
89.628	-0.004553913
89.662	-0.002460042
89.695	0.000186401
89.728	0.003296229
89.762	0.006787935
89.795	0.010622074
89.828	0.014809642
89.862	0.019361286
89.895	0.024224821
89.928	0.029269346
89.962	0.034335862
89.995	0.039300451
90.028	0.044088762
90.062	0.048653322
90.095	0.052951893
90.128	0.056926881
90.162	0.060497126
90.195	0.063582519
90.228	0.066117086
90.262	0.068051958
90.295	0.069360955
90.328	0.070025926
90.361	0.070025402
90.395	0.069359035
90.428	0.068047246
90.461	0.066107487
90.495	0.063565939
90.528	0.060471121
90.561	0.05688988
90.595	0.052904944
90.628	0.048604976
90.661	0.044066247
90.695	0.039357349
90.728	0.034551236
90.761	0.029722084
90.795	0.024946689
90.828	0.020311967
90.861	0.015906756
90.895	0.011795633
90.928	0.008013156
90.961	0.004602608
90.995	0.001644449
91.028	-0.000777195
91.061	-0.002630386
91.094	-0.003929434
91.128	-0.004676959
91.161	-0.004836133
91.194	-0.004353724
91.228	-0.003203552
91.261	-0.00141808
91.294	0.000926421
91.328	0.003758567
91.361	0.007032804
91.394	0.010714053
91.428	0.014764613
91.461	0.019121304
91.494	0.023676788
91.528	0.028302957
91.561	0.032904169
91.594	0.037444294
91.628	0.041917224
91.661	0.046289099
91.694	0.050480332
91.728	0.054381318
91.761	0.057877387
91.794	0.060895236
91.828	0.06341392
91.861	0.065421747
91.894	0.066885904
91.927	0.06775787
91.961	0.067985985
91.994	0.067527487
92.027	0.066372952
92.061	0.064568107
92.094	0.06219952
92.127	0.059348525
92.161	0.056072716
92.194	0.052422011
92.227	0.048448071
92.261	0.044220186
92.294	0.039823701
92.327	0.035327384
92.361	0.030776438
92.394	0.026234219
92.427	0.021796719
92.461	0.017559583
92.494	0.013599955
92.527	0.009963038
92.561	0.006641152
92.594	0.003589793
92.627	0.0007847
92.66	-0.001717928
92.694	-0.003678805
92.727	-0.004694412
92.76	-0.004555658
92.794	-0.003494324
92.827	-0.001899965
92.86	1.95477E-05
92.894	0.002237338
92.927	0.004798608
92.96	0.007761479
92.994	0.011143055
93.027	0.014882597
93.06	0.018880274
93.094	0.023065224
93.127	0.027390325
93.16	0.031796757
93.194	0.036218375
93.227	0.040587981
93.26	0.044818135
93.294	0.048816336
93.327	0.052520797
93.36	0.055892773
93.394	0.058885838
93.427	0.061431226
93.46	0.063444115
93.493	0.064853293
93.527	0.065630838
93.56	0.065796644
93.593	0.06538876
93.627	0.06443232
93.66	0.062948267
93.693	0.0609647
93.727	0.058511291
93.76	0.055605666
93.793	0.05226563
93.827	0.048544239
93.86	0.044540104
93.893	0.040367022
93.927	0.0361154
93.96	0.031844405
93.993	0.02759575
94.027	0.023414639
94.06	0.019366173
94.093	0.015529765
94.127	0.011975402
94.16	0.008747067
94.193	0.005850344
94.226	0.003258181
94.26	0.000952252
94.293	-0.001021541
94.326	-0.002461263
94.36	-0.003008249
94.393	-0.002457598
94.426	-0.001012465
94.46	0.000968134
94.493	0.003280695
94.526	0.005872335
94.56	0.008751081
94.593	0.011928104
94.626	0.015387172
94.66	0.019091284
94.693	0.022998902
94.726	0.02705557
94.76	0.031190779
94.793	0.035338205
94.826	0.039451946
94.86	0.043498666
94.893	0.047418501
94.926	0.051104288
94.96	0.054442928
94.993	0.057359024
95.026	0.059813132
95.059	0.061766155
95.093	0.063167654
95.126	0.063976615
95.159	0.064189196
95.193	0.063842224
95.226	0.062971305
95.259	0.061580452
95.293	0.059674203
95.326	0.05728764
95.359	0.054471551
95.393	0.051283882
95.426	0.047794271
95.459	0.044074276
95.493	0.040184984
95.526	0.036189751
95.559	0.032151583
95.593	0.028118651
95.626	0.024143489
95.659	0.020298877
95.693	0.016656375
95.726	0.013270436
95.759	0.010188883
95.792	0.007475071
95.826	0.005206841
95.859	0.00343603
95.892	0.00217119
95.926	0.001410401
95.959	0.001161517
95.992	0.001424712
96.026	0.00218044
96.059	0.003400774
96.092	0.005069658
96.126	0.007177143
96.159	0.009694606
96.192	0.012571258
96.226	0.015765385
96.259	0.019256218
96.292	0.02301077
96.326	0.026951025
96.359	0.030976104
96.392	0.034995422
96.426	0.03891997
96.459	0.042654451
96.492	0.046133066
96.526	0.049343774
96.559	0.052295475
96.592	0.054973683
96.625	0.057329528
96.659	0.059285693
96.692	0.060752817
96.725	0.061658119
96.759	0.061964599
96.792	0.061676096
96.825	0.060834673
96.859	0.059513459
96.892	0.05778855
96.925	0.055701659
96.959	0.053255406
96.992	0.050451011
97.025	0.047307149
97.059	0.04385035
97.092	0.040138384
97.125	0.036280334
97.159	0.032402736
97.192	0.028590238
97.225	0.024878796
97.259	0.021292144
97.292	0.017876186
97.325	0.014695847
97.358	0.011804534
97.392	0.009231745
97.425	0.007014653
97.458	0.005223072
97.492	0.003925944
97.525	0.003145781
97.558	0.002862165
97.592	0.003044203
97.625	0.003669904
97.658	0.004739267
97.692	0.006267303
97.725	0.008255582
97.758	0.01068159
97.792	0.013508325
97.825	0.016677668
97.858	0.020099212
97.892	0.023671203
97.925	0.027314054
97.958	0.03098099
97.992	0.034646182
98.025	0.038283448
98.058	0.04184584
98.092	0.04525342
98.125	0.048406881
98.158	0.051222621
98.191	0.053654563
98.225	0.055682984
98.258	0.05730265
98.291	0.058518097
98.325	0.059327057
98.358	0.05971295
98.391	0.059649943
98.425	0.059102259
98.458	0.058045113
98.491	0.056494388
98.525	0.054489703
98.558	0.052069106
98.591	0.049281466
98.625	0.046192408
98.658	0.042866857
98.691	0.039370788
98.725	0.035776981
98.758	0.032155597
98.791	0.028571214
98.825	0.025086315
98.858	0.021756576
98.891	0.018618474
98.924	0.015699411
98.958	0.013036213
98.991	0.010676005
99.024	0.008664862
99.058	0.007035597
99.091	0.005803918
99.124	0.004983264
99.158	0.004593358
99.191	0.004657935
99.224	0.005206143
99.258	0.006253166
99.291	0.007768984
99.324	0.009704031
99.358	0.012025319
99.391	0.014702828
99.424	0.017670586
99.458	0.020837137
99.491	0.024138427
99.524	0.027555956
99.558	0.031073493
99.591	0.034641819
99.624	0.038180823
99.658	0.041590847
99.691	0.044773455
99.724	0.047667036
99.757	0.050258152
99.791	0.052546104
99.824	0.054507331
99.857	0.056102038
99.891	0.057290956
99.924	0.058031849
99.957	0.058284049
99.991	0.058033943
100.024	0.057307711
100.057	0.05615719
100.091	0.054627758
100.124	0.052744025
100.157	0.050517683
100.191	0.04797212
100.224	0.045157951
100.257	0.042132597
100.291	0.03893114
100.324	0.03557365
100.357	0.032103063
100.391	0.028601932
100.424	0.025173058
100.457	0.021907896
100.49	0.01885549
100.524	0.016031547
100.557	0.013475513
100.59	0.011262784
100.624	0.009443104
100.657	0.008010014
100.69	0.006948505
100.724	0.006282836
100.757	0.006056293
100.79	0.006288247
100.824	0.006951123
100.857	0.007992212
100.89	0.009381319
100.924	0.011133455
100.957	0.01327672
100.99	0.015798546
101.024	0.018631913
101.057	0.021687112
101.09	0.024881763
101.124	0.028150241
101.157	0.031454673
101.19	0.034772195
101.224	0.038050796
101.257	0.041205827
101.29	0.044167826
101.323	0.046902582
101.357	0.04938095
101.39	0.051565753
101.423	0.053431335
101.457	0.054957451
101.49	0.056111812
101.523	0.056842058
101.557	0.057092512
101.59	0.056834378
101.623	0.056080047
101.657	0.054872803
101.69	0.053263958
101.723	0.051312331
101.757	0.049087734
101.79	0.046648986
101.823	0.044015458
101.857	0.041179997
101.89	0.038156912
101.923	0.035002404
101.957	0.031780177
101.99	0.028542067
102.023	0.025347068
102.056	0.022262547
102.09	0.019354829
102.123	0.016687791
102.156	0.014316936
102.19	0.01227717
102.223	0.010576346
102.256	0.009200852
102.29	0.008152957
102.323	0.007479783
102.356	0.007247829
102.39	0.007497585
102.423	0.008220326
102.456	0.009371371
102.49	0.010902723
102.523	0.012777905
102.556	0.014967071
102.59	0.017427985
102.623	0.0201034
102.656	0.022947414
102.69	0.025932451
102.723	0.029031109
102.756	0.032196089
102.79	0.035355658
102.823	0.038432674
102.856	0.04136378
102.889	0.044101678
102.923	0.046612159
102.956	0.048863809
102.989	0.050817007
103.023	0.052441734
103.056	0.053737117
103.089	0.054712756
103.123	0.05536132
103.156	0.055636035
103.189	0.055463597
103.223	0.05479723
103.256	0.053647756
103.289	0.052063521
103.323	0.05011329
103.356	0.047883632
103.389	0.045453784
103.423	0.042864763
103.456	0.040128785
103.489	0.037262081
103.523	0.034297989
103.556	0.031275078
103.589	0.028227035
103.622	0.025192082
103.656	0.022225197
103.689	0.019406665
103.722	0.016827767
103.756	0.014556919
103.789	0.012621174
103.822	0.011034321
103.856	0.009811717
103.889	0.008957379
103.922	0.008470257
103.956	0.008374439
103.989	0.008706575
104.022	0.009477661
104.056	0.010663613
104.089	0.012220097
104.122	0.014089869
104.156	0.01621184
104.189	0.018546567
104.222	0.021071186
104.256	0.023757771
104.289	0.026578048
104.322	0.029506187
104.356	0.032504488
104.389	0.035522512
104.422	0.0384976
104.455	0.041352261
104.489	0.044004288
104.522	0.046389804
104.555	0.048477742
104.589	0.050272115
104.622	0.051790028
104.655	0.053018739
104.689	0.053908683
104.722	0.054407498
104.755	0.054487958
104.789	0.054155821
104.822	0.053428368
104.855	0.052302805
104.889	0.050772152
104.922	0.048867474
104.955	0.046665043
104.989	0.044251078
105.022	0.041683699
105.055	0.038993797
105.089	0.036212091
105.122	0.033367205
105.155	0.030470133
105.188	0.02753763
105.222	0.024625723
105.255	0.021829706
105.288	0.019252727
105.322	0.016963902
105.355	0.014980859
105.388	0.013302027
105.422	0.011938576
105.455	0.010905166
105.488	0.010203718
105.522	0.009841039
105.555	0.009836501
105.588	0.010197959
105.622	0.01092262
105.655	0.012019384
105.688	0.01349314
105.722	0.015311774
105.755	0.017414197
105.788	0.019749273
105.822	0.022278953
105.855	0.024955765
105.888	0.027729966
105.922	0.030557923
105.955	0.033401239
105.988	0.036232512
106.021	0.03901509
106.055	0.041688062
106.088	0.044185104
106.121	0.046444782
106.155	0.048406881
106.188	0.050031783
106.221	0.051317567
106.255	0.052283432
106.288	0.052942119
106.321	0.053278793
106.355	0.053255057
106.388	0.052843334
106.421	0.05203577
106.455	0.050836554
106.488	0.049278673
106.521	0.047421992
106.555	0.045325328
106.588	0.04303947
106.621	0.040603165
106.655	0.038034564
106.688	0.035342743
106.721	0.03255615
106.754	0.029722957
106.788	0.026892382
106.821	0.024128828
106.854	0.021521306
106.888	0.019153069
106.921	0.017072287
106.954	0.015282801
106.988	0.013762619
107.021	0.012508775
107.054	0.011545004
107.088	0.010897661
107.121	0.010590309
107.154	0.010654362
107.188	0.011127521
107.221	0.012031602
107.254	0.013343915
107.288	0.014996742
107.321	0.01691416
107.354	0.01903683
107.388	0.021315881
107.421	0.0237096
107.454	0.026196519
107.488	0.028775069
107.521	0.031437045
107.554	0.034136546
107.587	0.036800442
107.621	0.039371661
107.654	0.041819311
107.687	0.04411372
107.721	0.046211781
107.754	0.048065495
107.787	0.049624248
107.821	0.050842314
107.854	0.051704506
107.887	0.052220775
107.921	0.052393911
107.954	0.052220251
107.987	0.051702587
108.021	0.050837601
108.054	0.049615347
108.087	0.04805223
108.121	0.046197993
108.154	0.044109881
108.187	0.041844618
108.221	0.039452993
108.254	0.036962234
108.287	0.034376354
108.32	0.031703557
108.354	0.028990093
108.387	0.026311886
108.42	0.023735256
108.454	0.021307154
108.487	0.019079241
108.52	0.01711243
108.554	0.015447037
108.587	0.014085331
108.62	0.013018934
108.654	0.012253957
108.687	0.011796157
108.72	0.011636634
108.754	0.011775736
108.787	0.012244008
108.82	0.013082464
108.854	0.014311525
108.887	0.01592386
108.92	0.017875488
108.954	0.020078442
108.987	0.022430273
109.02	0.024854536
109.054	0.027320511
109.087	0.029835531
109.12	0.032424029
109.153	0.035088274
109.187	0.03777451
109.22	0.040383254
109.253	0.042818337
109.287	0.045018674
109.32	0.04695023
109.353	0.048580891
109.387	0.049864231
109.42	0.050767265
109.453	0.051308142
109.487	0.051549347
109.52	0.051547427
109.553	0.051301335
109.587	0.050752604
109.62	0.049838575
109.653	0.048546159
109.687	0.046919337
109.72	0.045022513
109.753	0.042910316
109.787	0.04063109
109.82	0.038228121
109.853	0.03572689
109.886	0.033138916
109.92	0.030490204
109.953	0.02785371
109.986	0.025331534
110.02	0.022991222
110.053	0.020835566
110.086	0.018848858
110.12	0.017055008
110.153	0.015508123
110.186	0.014245726
110.22	0.013280734
110.253	0.012617334
110.286	0.012270712
110.32	0.012262858
110.353	0.012594819
110.386	0.013248096
110.42	0.014217627
110.453	0.015516675
110.486	0.017155888
110.52	0.019113101
110.553	0.021317277
110.586	0.023671552
110.62	0.026093196
110.653	0.028532643
110.686	0.030969471
110.719	0.033401239
110.753	0.035828468
110.786	0.038241211
110.819	0.040609274
110.853	0.042877853
110.886	0.044976611
110.919	0.046839052
110.953	0.048407056
110.986	0.049637164
111.019	0.050523268
111.053	0.051086834
111.086	0.051337289
111.119	0.051259447
111.153	0.050827304
111.186	0.050027943
111.219	0.048878993
111.253	0.047421119
111.286	0.045703366
111.319	0.043767971
111.353	0.041648443
111.386	0.039384402
111.419	0.037026113
111.452	0.034617733
111.486	0.032185442
111.519	0.029741458
111.552	0.027296251
111.586	0.024872164
111.619	0.022517365
111.652	0.020309
111.686	0.018335033
111.719	0.016654804
111.752	0.015282103
111.786	0.014212565
111.819	0.013453172
111.852	0.013008113
111.886	0.012864124
111.919	0.013010208
111.952	0.01345771
111.986	0.014220419
112.019	0.015293448
112.052	0.016668942
112.086	0.018350217
112.119	0.020323137
112.152	0.022528186
112.186	0.024878621
112.219	0.027298171
112.252	0.029740236
112.285	0.032183697
112.319	0.034619827
112.352	0.037037283
112.385	0.039409185
112.419	0.041687364
112.452	0.043810557
112.485	0.045719598
112.519	0.047354273
112.552	0.048647562
112.585	0.049555308
112.619	0.050091473
112.652	0.050322904
112.685	0.050317319
112.719	0.050093742
112.752	0.049622154
112.785	0.048865205
112.819	0.047809455
112.852	0.046452113
112.885	0.044784974
112.919	0.042820431
112.952	0.040617651
112.985	0.038263551
113.018	0.035834751
113.052	0.033381342
113.085	0.030932121
113.118	0.028510128
113.152	0.026146778
113.185	0.0238871
113.218	0.021777695
113.252	0.019847535
113.285	0.018109013
113.318	0.016575741
113.352	0.01526622
113.385	0.014213438
113.418	0.013470451
113.452	0.013089097
113.485	0.013091366
113.518	0.013471149
113.552	0.014193017
113.585	0.015196407
113.618	0.016428435
113.652	0.017881596
113.685	0.019586434
113.718	0.02155726
113.752	0.023755676
113.785	0.026105588
113.818	0.028530897
113.851	0.03097558
113.885	0.033397922
113.918	0.035760051
113.951	0.038022696
113.985	0.040154616
114.018	0.042147607
114.051	0.044005335
114.085	0.045708777
114.118	0.047197368
114.151	0.048400424
114.185	0.049283211
114.218	0.049847651
114.251	0.050097058
114.285	0.050022358
114.318	0.049617267
114.351	0.048897319
114.385	0.047907717
114.418	0.046691572
114.451	0.045251326
114.485	0.043556262
114.518	0.041591545
114.551	0.039396095
114.584	0.037045835
114.618	0.034615115
114.651	0.032159611
114.684	0.029721386
114.718	0.027342503
114.751	0.0250734
114.784	0.022962948
114.818	0.021041689
114.851	0.019321842
114.884	0.017813703
114.918	0.016523556
114.951	0.015460825
114.984	0.014641393
115.018	0.014072939
115.051	0.013753369
115.084	0.013703278
115.118	0.013969266
115.151	0.014591476
115.184	0.015588234
115.218	0.016945751
115.251	0.018612889
115.284	0.020522454
115.318	0.022611788
115.351	0.024819106
115.384	0.027091524
115.417	0.02940042
115.451	0.031716647
115.484	0.033994651
115.517	0.036215582
115.551	0.03839672
115.584	0.04053405
115.617	0.042577656
115.651	0.044462088
115.684	0.046125038
115.717	0.047508735
115.751	0.048579843
115.784	0.049341505
115.817	0.049804192
115.851	0.049961621
115.884	0.049806635
115.917	0.049347963
115.951	0.04859241
115.984	0.047527235
116.017	0.046145109
116.051	0.044470466
116.084	0.042548684
116.117	0.040430727
116.15	0.038182743
116.184	0.035887984
116.217	0.033619928
116.25	0.031410691
116.284	0.029236534
116.317	0.027054349
116.35	0.024867451
116.384	0.022751589
116.417	0.02080991
116.45	0.019110832
116.484	0.017658892
116.517	0.01643053
116.55	0.015426267
116.584	0.014678743
116.617	0.014220594
116.65	0.014059674
116.684	0.014201919
116.717	0.014671761
116.75	0.015492066
116.784	0.016656201
116.817	0.01812699
116.85	0.019850502
116.884	0.021766874
116.917	0.023816938
116.95	0.025934895
116.983	0.028068734
117.017	0.030216362
117.05	0.032414604
117.083	0.034679518
117.117	0.036973928
117.15	0.039223831
117.183	0.041350166
117.217	0.043293416
117.25	0.04501082
117.283	0.046458919
117.317	0.047597921
117.35	0.048406358
117.383	0.048897842
117.417	0.049120197
117.45	0.049119848
117.483	0.048895748
117.517	0.048400249
117.55	0.047584657
117.583	0.046436928
117.617	0.044983243
117.65	0.043273868
117.683	0.041367794
117.716	0.039325235
117.75	0.037212165
117.783	0.035080594
117.816	0.032932094
117.85	0.030729314
117.883	0.028456721
117.916	0.026153235
117.95	0.023896874
117.983	0.021773331
118.016	0.01984963
118.05	0.018174986
118.083	0.016792162
118.116	0.015720181
118.15	0.014943684
118.183	0.01444225
118.216	0.014220594
118.25	0.01430245
118.283	0.014708762
118.316	0.015433074
118.35	0.016433497
118.383	0.017664128
118.416	0.019112053
118.45	0.020788791
118.483	0.022680728
118.516	0.02472224
118.549	0.026834612
118.583	0.028988174
118.616	0.031200204
118.649	0.033474368
118.683	0.035769127
118.716	0.038010304
118.749	0.040123723
118.783	0.042062086
118.816	0.043802179
118.849	0.045328121
118.883	0.046624726
118.916	0.047670701
118.949	0.048431316
118.983	0.048881436
119.016	0.049024204
119.049	0.048869219
119.083	0.048414212
119.116	0.047665989
119.149	0.046661378
119.183	0.045444709
119.216	0.044032388
119.249	0.042418657
119.282	0.040615557
119.316	0.038663057
119.349	0.036592049
119.382	0.034404454
119.416	0.03210952
119.449	0.029750184
119.482	0.027392419
119.516	0.025113019
119.549	0.022981099
119.582	0.021042562
119.616	0.019322889
119.649	0.017843897
119.682	0.016621992
119.716	0.015662061
119.749	0.014965849
119.782	0.014549414
119.816	0.014446788
119.849	0.01467979
119.882	0.015222238
119.916	0.016022297
119.949	0.017061292
119.982	0.018361213
120.016	0.019925377
120.049	0.021709976
120.082	0.023649735
120.115	0.025687058
120.149	0.027799779
120.182	0.029996276
120.215	0.03226852
120.249	0.034564501
120.282	0.036803409
120.315	0.03890845
120.349	0.040834596
120.382	0.042568755
120.415	0.044112848
120.449	0.045478742
120.482	0.046671675
120.515	0.047661975
120.549	0.048389079
120.582	0.048801675
120.615	0.048887894
120.649	0.04866519
120.682	0.048157648
120.715	0.047371203
120.749	0.046291193
120.782	0.044914128
120.815	0.043277882
120.848	0.04144773
120.882	0.039488249
120.915	0.037447959
120.948	0.035340299
120.982	0.033149737
121.015	0.030879936
121.048	0.02858029
121.082	0.026330037
121.115	0.024207019
121.148	0.022261151
121.182	0.020517916
121.215	0.018995291
121.248	0.017707762
121.282	0.016672781
121.315	0.015913738
121.348	0.015435692
121.382	0.015208799
121.415	0.015200422
121.448	0.015418588
121.482	0.015912865
121.515	0.01673125
121.548	0.017881771
121.581	0.01933179
121.615	0.021022665
121.648	0.022888422
121.681	0.024870069
121.715	0.026923798
121.748	0.029033727
121.781	0.031205265
121.815	0.033417994
121.848	0.035607684
121.881	0.037697367
121.915	0.039639918
121.948	0.041420328
121.981	0.043037376
122.015	0.044484603
122.048	0.045738273
122.081	0.046768366
122.115	0.047566854
122.148	0.048130596
122.181	0.048428872
122.215	0.048415084
122.248	0.04807108
122.281	0.047413265
122.315	0.046464155
122.348	0.04524609
122.381	0.043793802
122.414	0.042157032
122.448	0.040384475
122.481	0.03849952
122.514	0.036493613
122.548	0.034352967
122.581	0.032098699
122.614	0.029799403
122.648	0.027548451
122.681	0.025429796
122.714	0.023492481
122.748	0.02175134
122.781	0.020204455
122.814	0.018838909
122.848	0.0176465
122.881	0.016650441
122.914	0.015903266
122.948	0.015448258
122.981	0.015295018
123.014	0.015440753
123.048	0.015889652
123.081	0.016635257
123.114	0.017640043
123.147	0.018861075
123.181	0.020282297
123.214	0.021910514
123.247	0.023734034
123.281	0.025707478
123.314	0.027789307
123.347	0.029957355
123.381	0.032175319
123.414	0.034376005
123.447	0.036493089
123.481	0.038497251
123.514	0.040392329
123.547	0.042175707
123.581	0.043810906
123.614	0.045231953
123.647	0.046372176
123.681	0.047189689
123.714	0.047685362
123.747	0.047903005
123.781	0.047891486
123.814	0.047660928
123.847	0.047184104
123.881	0.046440942
123.914	0.045449246
123.947	0.044241304
123.98	0.042828984
124.014	0.041206875
124.047	0.03939051
124.08	0.037432076
124.114	0.035380966
124.147	0.033265976
124.18	0.031121839
124.214	0.028992013
124.247	0.026900934
124.28	0.024861168
124.314	0.022912333
124.347	0.021121626
124.38	0.019557112
124.414	0.018260333
124.447	0.017221338
124.48	0.016407666
124.514	0.015825948
124.547	0.015518944
124.58	0.015518944
124.614	0.015825948
124.647	0.016407666
124.68	0.017221338
124.714	0.018260333
124.747	0.019557112
124.78	0.021121626
124.813	0.022912333
124.847	0.024861343
124.88	0.026900934
124.913	0.028992013
124.947	0.031121664
124.98	0.033265626
125.013	0.035380093
125.047	0.037430855
125.08	0.039389812
125.113	0.041207224
125.147	0.042832474
125.18	0.044249682
125.213	0.045463733
125.247	0.046459792
125.28	0.047198415
125.313	0.047651852
125.347	0.047828305
125.38	0.047749765
125.413	0.047421643
125.447	0.046834514
125.48	0.045972322
125.513	0.044832098
125.546	0.043455382
125.58	0.041910417
125.613	0.040234726
125.646	0.038425518
125.68	0.036470924
125.713	0.034376179
125.746	0.032188235
125.78	0.029992087
125.813	0.02787029
125.846	0.025861242
125.88	0.023965814
125.913	0.022183658
125.946	0.020541827
125.98	0.019088142
126.013	0.017865016
126.046	0.01689374
126.08	0.016180773
126.113	0.015735365
126.146	0.01558195
126.18	0.015734841
126.213	0.016179377
126.246	0.016892518
126.279	0.017865016
126.313	0.019091284
126.346	0.020550554
126.379	0.022199715
126.413	0.023987805
126.446	0.025881138
126.479	0.027867498
126.513	0.029932571
126.546	0.032028014
126.579	0.034084011
126.613	0.036053092
126.646	0.037924957
126.679	0.039698212
126.713	0.041357846
126.746	0.04288082
126.779	0.044252998
126.813	0.045459195
126.846	0.046459792
126.879	0.047190038
126.913	0.047598445
126.946	0.047676287
126.979	0.047449743
127.013	0.046954942
127.046	0.046215795
127.079	0.04523492
127.112	0.044009699
127.146	0.042557236
127.179	0.040920815
127.212	0.039155764
127.246	0.037302573
127.279	0.035376951
127.312	0.033385182
127.346	0.031340179
127.379	0.029255733
127.412	0.027153483
127.446	0.025096613
127.479	0.023186874
127.512	0.021501409
127.546	0.0200568
127.579	0.018838211
127.612	0.017848784
127.646	0.017114699
127.679	0.016650616
127.712	0.016434893
127.746	0.016436813
127.779	0.016656899
127.812	0.017126741
127.845	0.017867459
127.879	0.018860202
127.912	0.020071635
127.945	0.021488668
127.979	0.023117759
128.012	0.024943722
128.045	0.026915246
128.079	0.028979098
128.112	0.031097928
128.145	0.033224611
128.179	0.035297364
128.212	0.037279011
128.245	0.039162047
128.279	0.040939316
128.312	0.042579576
128.345	0.044032563
128.379	0.045254817
128.412	0.046223824
128.445	0.046931729
128.479	0.047367363
128.512	0.04750699
128.545	0.047339438
128.579	0.046889492
128.612	0.046199738
128.645	0.045307526
128.678	0.044244969
128.712	0.043034409
128.745	0.041673052
128.778	0.040137511
128.812	0.03841365
128.845	0.036509495
128.878	0.034458384
128.912	0.032326639
128.945	0.030195418
128.978	0.02812441
129.012	0.026154282
129.045	0.024335475
129.078	0.022709701
129.112	0.021272422
129.145	0.019990303
129.178	0.018849207
129.212	0.017881247
129.245	0.017146289
129.278	0.016686918
129.312	0.016500692
129.345	0.016562651
129.378	0.016858659
129.411	0.017390286
129.445	0.018174463
129.478	0.019239462
129.511	0.020590696
129.545	0.022185927
129.578	0.023957611
129.611	0.025853213
129.645	0.027848474
129.678	0.029922274
129.711	0.032025396
129.745	0.034088898
129.778	0.036068451
129.811	0.03795393
129.845	0.039739925
129.878	0.041400432
129.911	0.042892164
129.945	0.044172713
129.978	0.045205424
130.011	0.045958883
130.045	0.046433612
130.078	0.046678307
130.111	0.046756498
130.145	0.046693666
130.178	0.046454731
130.211	0.04596342
130.244	0.04515638
130.278	0.044021916
130.311	0.0425986
130.344	0.040956245
130.378	0.03917025
130.411	0.037294195
130.444	0.035352866
130.478	0.03336319
130.511	0.031352047
130.544	0.029349108
130.578	0.027382471
130.611	0.02549193
130.644	0.023711694
130.678	0.02205398
130.711	0.020544096
130.744	0.01924051
130.778	0.018193836
130.811	0.017409659
130.844	0.016868084
130.878	0.016557066
130.911	0.016478003
130.944	0.016649743
130.977	0.017107194
131.011	0.01787095
131.044	0.018923558
131.077	0.020224352
131.111	0.021733363
131.144	0.023405912
131.177	0.025194351
131.211	0.027065868
131.244	0.029006325
131.277	0.03100176
131.311	0.033020408
131.344	0.035021602
131.377	0.03695822
131.411	0.03876673
131.444	0.040393028
131.477	0.04183275
131.511	0.043115741
131.544	0.044254918
131.577	0.045221481
131.611	0.045960977
131.644	0.046439721
131.677	0.046669406
131.711	0.046677086
131.744	0.046462061
131.777	0.045993266
131.81	0.045250977
131.844	0.044252998
131.877	0.043034409
131.91	0.041611442
131.944	0.039987238
131.977	0.038192516
132.01	0.036298834
132.044	0.034371642
132.077	0.032433104
132.11	0.03047659
132.144	0.028506288
132.177	0.026563039
132.21	0.024706881
132.244	0.022992444
132.277	0.021458823
132.31	0.02012417
132.344	0.018994069
132.377	0.01807812
132.41	0.017391508
132.444	0.016958317
132.477	0.016813804
132.51	0.016975596
132.543	0.017422051
132.577	0.01811198
132.61	0.019008555
132.643	0.020080188
132.677	0.021302965
132.71	0.022675667
132.743	0.024214349
132.777	0.025922328
132.81	0.027778835
132.843	0.029741632
132.877	0.031755393
132.91	0.033770027
132.943	0.03574731
132.977	0.03764361
133.01	0.039424719
133.043	0.04107964
133.077	0.042584987
133.11	0.043882988
133.143	0.044923379
133.177	0.045699527
133.21	0.046230805
133.243	0.046531351
133.277	0.046606051
133.31	0.046448273
133.343	0.046041437
133.376	0.045382226
133.41	0.044491235
133.443	0.04338714
133.476	0.042084252
133.51	0.040607703
133.543	0.038980882
133.576	0.037218797
133.61	0.035343965
133.643	0.033397224
133.676	0.031434602
133.71	0.029505664
133.743	0.027633624
133.776	0.02583
133.81	0.024114167
133.843	0.022514573
133.876	0.02106211
133.91	0.01979727
133.943	0.018752341
133.976	0.017929942
134.01	0.01732152
134.043	0.016948892
134.076	0.016863895
134.109	0.01710475
134.143	0.017654005
134.176	0.018455984
134.209	0.019476478
134.243	0.020710601
134.276	0.02213252
134.309	0.023686736
134.343	0.025334676
134.376	0.027061854
134.409	0.028859543
134.443	0.030722507
134.476	0.032645511
134.509	0.03460569
134.543	0.036548242
134.576	0.038406843
134.609	0.040128959
134.643	0.041683524
134.676	0.043061287
134.709	0.044259106
134.743	0.045250279
134.776	0.045986633
134.809	0.04643623
134.843	0.046608843
134.876	0.046535016
134.909	0.046236041
134.942	0.045720994
134.976	0.044986036
135.009	0.044014237
135.042	0.042793204
135.076	0.041338996
135.109	0.03970275
135.142	0.037952883
135.176	0.036149434
135.209	0.034326089
135.242	0.032490526
135.276	0.030633495
135.309	0.028742606
135.342	0.026822394
135.376	0.024920858
135.409	0.023136608
135.442	0.021577506
135.476	0.020304637
135.509	0.019322366
135.542	0.018599799
135.576	0.018096446
135.609	0.017782287
135.642	0.017636552
135.675	0.017654354
135.709	0.017866586
135.742	0.018331368
135.775	0.019089713
135.809	0.020136911
135.842	0.021438577
135.875	0.022953872
135.909	0.024630435
135.942	0.026406133
135.975	0.028228257
136.009	0.030063994
136.042	0.031897463
136.075	0.033718539
136.109	0.035512389
136.142	0.037252482
136.175	0.038901295
136.209	0.040427934
136.242	0.04182699
136.275	0.043109982
136.309	0.044268706
136.342	0.045251152
136.375	0.045977034
136.409	0.046383347
136.442	0.04645508
136.475	0.046219111
136.508	0.045721867
136.542	0.04500698
136.575	0.044104121
136.608	0.043036329
136.642	0.041820707
136.675	0.040453416
136.708	0.038916828
136.742	0.037208674
136.775	0.035355135
136.808	0.033407871
136.842	0.031433554
136.875	0.029491003
136.908	0.027613727
136.942	0.025825462
136.975	0.024160942
137.008	0.02265961
137.042	0.021346424
137.075	0.020230809
137.108	0.019317304
137.142	0.018604686
137.175	0.018092083
137.208	0.017789443
137.241	0.017714219
137.275	0.017891196
137.308	0.018348297
137.341	0.019088142
137.375	0.020064305
137.408	0.021210114
137.441	0.022483331
137.475	0.023885354
137.508	0.025439919
137.541	0.027155752
137.575	0.029009467
137.608	0.030947131
137.641	0.032894395
137.675	0.034783714
137.708	0.036579658
137.741	0.038276467
137.775	0.039875886
137.808	0.041352435
137.841	0.042646073
137.875	0.043712818
137.908	0.044561048
137.941	0.045223575
137.975	0.045707381
138.008	0.045975463
138.041	0.045979826
138.074	0.045714711
138.108	0.045215023
138.141	0.04450642
138.174	0.043575461
138.208	0.042402774
138.241	0.041012968
138.274	0.039467654
138.308	0.037813082
138.341	0.036068974
138.374	0.034251388
138.408	0.03237673
138.441	0.030469958
138.474	0.02858221
138.508	0.026794644
138.541	0.025174629
138.574	0.023727577
138.608	0.022412297
138.641	0.021191788
138.674	0.020070588
138.708	0.019100883
138.741	0.01835842
138.774	0.017893988
138.807	0.017707936
138.841	0.017772862
138.874	0.018067474
138.907	0.018581299
138.941	0.019316781
138.974	0.020290674
139.007	0.021515023
139.041	0.022974991
139.074	0.024621011
139.107	0.026385539
139.141	0.028207488
139.174	0.030048636
139.207	0.031889434
139.241	0.033719936
139.274	0.035526002
139.307	0.037280931
139.341	0.038943357
139.374	0.040471044
139.407	0.041838335
139.441	0.043029522
139.474	0.044013713
139.507	0.04474902
139.541	0.045220957
139.574	0.045467049
139.607	0.04554489
139.64	0.045480662
139.674	0.045244694
139.707	0.044773106
139.74	0.044017029
139.774	0.042975591
139.807	0.041680208
139.84	0.040170673
139.874	0.038498298
139.907	0.036725393
139.94	0.034907458
139.974	0.033081843
140.007	0.031272286
140.04	0.029495192
140.074	0.027764349
140.107	0.026085866
140.14	0.024460964
140.174	0.022914951
140.207	0.021507692
140.24	0.020300448
140.274	0.019327078
140.307	0.018593691
140.34	0.018098541
140.373	0.017848959
140.407	0.017853671
140.44	0.018109013
140.473	0.018598752
140.507	0.019306658
140.54	0.020227144
140.573	0.021356721
140.607	0.022687011
140.64	0.024204052
140.673	0.025872935
140.707	0.02763502
140.74	0.02942852
140.773	0.031204916
140.807	0.032933316
140.84	0.034607436
140.873	0.036243507
140.907	0.03784729
140.94	0.039395397
140.973	0.040846988
141.007	0.042151796
141.04	0.043266189
141.073	0.044168524
141.106	0.044841523
141.14	0.045272619
141.173	0.045473681
141.206	0.045464954
141.24	0.045237538
141.273	0.044758445
141.306	0.044014411
141.34	0.043040867
141.373	0.041898723
141.406	0.040629694
141.44	0.039238143
141.473	0.037711504
141.506	0.036054663
141.54	0.034299385
141.573	0.032487384
141.606	0.030654963
141.64	0.028836679
141.673	0.027071627
141.706	0.025405362
141.74	0.023877151
141.773	0.022501134
141.806	0.02127312
141.84	0.020199394
141.873	0.019307007
141.906	0.018627026
141.939	0.018192265
141.973	0.018034662
142.006	0.018159976
142.039	0.018528939
142.073	0.019090411
142.106	0.019826068
142.139	0.020763659
142.173	0.021936171
142.206	0.023326675
142.239	0.024875131
142.273	0.026531448
142.306	0.028268051
142.339	0.030059282
142.373	0.031880882
142.406	0.033711035
142.439	0.035525304
142.473	0.037286865
142.506	0.038945277
142.539	0.040448878
142.573	0.041765205
142.606	0.042879773
142.639	0.043786297
142.672	0.044486174
142.706	0.044985687
142.739	0.045286233
142.772	0.04539008
142.806	0.045299323
142.839	0.045007678
142.872	0.044505721
142.906	0.043780712
142.939	0.042812927
142.972	0.041593814
143.006	0.040145889
143.039	0.038527794
143.072	0.036816324
143.106	0.035073089
143.139	0.033315717
143.172	0.031525359
143.206	0.029698697
143.239	0.027886522
143.272	0.026158995
143.306	0.024560971
143.339	0.023130674
143.372	0.021903359
143.406	0.020870822
143.439	0.019992398
143.472	0.019254996
143.505	0.018690382
143.539	0.018350043
143.572	0.018271328
143.605	0.01844429
143.639	0.018834721
143.672	0.019439128
143.705	0.020281424
143.739	0.021367891
143.772	0.022680554
143.805	0.02418782
143.839	0.025835934
143.872	0.027552815
143.905	0.029274931
143.939	0.030976453
143.972	0.032670818
144.005	0.034372863
144.039	0.036062866
144.072	0.037692131
144.105	0.039214058
144.139	0.040611019
144.172	0.041888251
144.205	0.043037899
144.239	0.044017902
144.272	0.044767695
144.305	0.045251152
144.338	0.045479092
144.372	0.045478742
144.405	0.045250628
144.438	0.044767521
144.472	0.044018949
144.505	0.043042088
144.538	0.041897152
144.572	0.040624982
144.605	0.039229417
144.638	0.037698937
144.672	0.036041398
144.705	0.034294847
144.738	0.032509026
144.772	0.030727045
144.805	0.028982588
144.838	0.02729119
144.872	0.025658958
144.905	0.024111724
144.938	0.022709701
144.972	0.021513626
145.005	0.02055387
145.038	0.019825893
145.071	0.019309625
145.105	0.018986564
145.138	0.018841004
145.171	0.018868056
145.205	0.019094426
145.238	0.019566363
145.271	0.020304637
145.305	0.021276785
145.338	0.022421896
145.371	0.023697208
145.405	0.025097137
145.438	0.026632328
145.471	0.028294231
145.505	0.030044272
145.538	0.031833235
145.571	0.033616612
145.605	0.035361941
145.638	0.037051944
145.671	0.038678765
145.705	0.040211862
145.738	0.041584389
145.771	0.0427295
145.804	0.04361892
145.838	0.044277781
145.871	0.044762808
145.904	0.045099657
145.938	0.045250279
145.971	0.045146083
146.004	0.044734883
146.038	0.044015109
146.071	0.043046103
146.104	0.041915304
146.138	0.040687988
146.171	0.039384227
146.204	0.037985346
146.238	0.036467084
146.271	0.034836597
146.304	0.033140137
146.338	0.031435998
146.371	0.029763972
146.404	0.028136627
146.438	0.026567751
146.471	0.025084745
146.504	0.023705411
146.538	0.02243359
146.571	0.021285163
146.604	0.020308651
146.637	0.019566188
146.671	0.019089888
146.704	0.018858457
146.737	0.018825296
146.771	0.018967366
146.804	0.019295488
146.837	0.019836191
146.871	0.02061932
146.904	0.021670881
146.937	0.022978481
146.971	0.024472658
147.004	0.026064573
147.037	0.027695234
147.071	0.029339857
147.104	0.030992859
147.137	0.032666804
147.171	0.034368849
147.204	0.036070196
147.237	0.037712027
147.271	0.039235525
147.304	0.040607179
147.337	0.041814075
147.37	0.042837536
147.404	0.043650685
147.437	0.044246191
147.47	0.044638541
147.504	0.044823371
147.537	0.044772059
147.57	0.044485127
147.604	0.044004114
147.637	0.043366196
147.67	0.042569104
147.704	0.041581946
147.737	0.040384126
147.77	0.038991005
147.804	0.037455289
147.837	0.0358351
147.87	0.034160282
147.904	0.0324441
147.937	0.030709417
147.97	0.028988697
148.004	0.027304803
148.037	0.025670652
148.07	0.024117832
148.104	0.022709177
148.137	0.021506645
148.17	0.020541129
148.203	0.019811756
148.237	0.01930404
148.27	0.019007857
148.303	0.018914657
148.337	0.019018504
148.37	0.019321842
148.403	0.019827115
148.437	0.020535195
148.47	0.021450097
148.503	0.022566409
148.537	0.023866679
148.57	0.025322459
148.603	0.026889241
148.637	0.02852252
148.67	0.03020397
148.703	0.031926435
148.737	0.033665656
148.77	0.035382013
148.803	0.037036061
148.837	0.038593942
148.87	0.040007659
148.903	0.041221884
148.936	0.042219864
148.97	0.043019574
149.003	0.043623981
149.036	0.044025581
149.07	0.044243398
149.103	0.044313561
149.136	0.044246191
149.17	0.044006208
149.203	0.043536191
149.236	0.042805596
149.27	0.041840953
149.303	0.04070038
149.336	0.039426115
149.37	0.038025663
149.403	0.036494311
149.436	0.034849513
149.47	0.033141359
149.503	0.031428493
149.536	0.029749312
149.57	0.028116731
149.603	0.026547331
149.636	0.025073924
149.67	0.023721643
149.703	0.022500436
149.736	0.021425138
149.769	0.020521407
149.803	0.019812454
149.836	0.019318002
149.869	0.019062835
149.903	0.019065977
149.936	0.019327427
149.969	0.019827813
150.003	0.020540082
150.036	0.021437879
150.069	0.022489789
150.103	0.023660905
150.136	0.024936566
150.169	0.026327943
150.203	0.027851266
150.236	0.029491003
150.269	0.031198459
150.303	0.032914117
150.336	0.034598534
150.369	0.036235653
150.403	0.037802959
150.436	0.039256469
150.469	0.040552376
150.502	0.041662929
150.536	0.042571722
150.569	0.043276661
150.602	0.043786297
150.636	0.044108659
150.669	0.044254743
150.702	0.044228738
150.736	0.044009175
150.769	0.043559404
150.802	0.04286965
150.836	0.04197831
150.869	0.040933731
150.902	0.039749001
150.936	0.038420805
150.969	0.036967121
151.002	0.035421457
151.036	0.033821165
151.069	0.032196438
151.102	0.030558621
151.136	0.028913648
151.169	0.027281242
151.202	0.025693516
151.236	0.024207542
151.269	0.022903956
151.302	0.021833371
151.335	0.020981127
151.369	0.020295212
151.402	0.019740547
151.435	0.01932638
151.469	0.019095647
151.502	0.019090237
151.535	0.019329172
151.569	0.019807218
151.602	0.020510935
151.635	0.021430898
151.669	0.022555414
151.702	0.023863712
151.735	0.02532752
151.769	0.026903203
151.802	0.028546082
151.835	0.030232942
151.869	0.031946856
151.902	0.033648726
151.935	0.035280958
151.969	0.036798173
152.002	0.038192691
152.035	0.039489122
152.068	0.04070614
152.102	0.041827339
152.135	0.042795473
152.168	0.043537413
152.202	0.044014062
152.235	0.044242351
152.268	0.044268008
152.302	0.044117735
152.335	0.043791009
152.368	0.043278057
152.402	0.042570151
152.435	0.041658042
152.468	0.040543126
152.502	0.039243205
152.535	0.037788996
152.568	0.036230766
152.602	0.034621573
152.635	0.03299161
152.668	0.031355189
152.702	0.029726622
152.735	0.028117603
152.768	0.026553265
152.802	0.025077938
152.835	0.023729497
152.868	0.022530804
152.901	0.021506645
152.935	0.020681977
152.968	0.020054531
153.001	0.019595684
153.035	0.019302643
153.068	0.019220089
153.101	0.01939532
153.135	0.019835143
153.168	0.020517567
153.201	0.021415364
153.235	0.02249712
153.268	0.02373002
153.301	0.025093471
153.335	0.026571765
153.368	0.028132788
153.401	0.029736222
153.435	0.031360076
153.468	0.032993355
153.501	0.034621573
153.535	0.036229894
153.568	0.037788124
153.601	0.039242332
153.634	0.040542602
153.668	0.041657693
153.701	0.042570151
153.734	0.043278057
153.768	0.043791184
153.801	0.044118084
153.834	0.044268706
153.868	0.044243398
153.901	0.044015109
153.934	0.043537587
153.968	0.04279303
154.001	0.041820707
154.034	0.040693573
154.068	0.039471319
154.101	0.038176459
154.134	0.03679922
154.168	0.035327035
154.201	0.033775088
154.234	0.032180206
154.268	0.030573456
154.301	0.028984508
154.334	0.027447571
154.368	0.025983415
154.401	0.024605826
154.434	0.023352156
154.467	0.022267434
154.501	0.021376967
154.534	0.020693845
154.567	0.020216672
154.601	0.019914381
154.634	0.019756604
154.667	0.019758872
154.701	0.019962552
154.734	0.020390507
154.767	0.021049718
154.801	0.021954322
154.834	0.023106938
154.867	0.024456426
154.901	0.02591622
154.934	0.027430991
154.967	0.028990442
155.001	0.030586197
155.034	0.032193471
155.067	0.033788527
155.101	0.035341696
155.134	0.036812834
155.167	0.038180474
155.2	0.039447932
155.234	0.040616604
155.267	0.041665547
155.3	0.042560028
155.334	0.04327317
155.367	0.043788042
155.4	0.044089984
155.434	0.044168349
155.467	0.044017727
155.5	0.04363742
155.534	0.043050989
155.567	0.042305559
155.6	0.04142539
155.634	0.04038849
155.667	0.039167457
155.7	0.037767703
155.734	0.03623705
155.767	0.034636059
155.8	0.033002082
155.834	0.031355713
155.867	0.029715103
155.9	0.028095612
155.934	0.026528481
155.967	0.02506764
156	0.023763705
156.033	0.022648265
156.067	0.021739472
156.1	0.021040293
156.133	0.020540954
156.167	0.020228366
156.2	0.020082107
156.233	0.020081933
156.267	0.020227842
156.3	0.020540082
156.333	0.021039944
156.367	0.02174017
156.4	0.022651407
156.433	0.023771384
156.467	0.025081254
156.5	0.026547331
156.533	0.028115334
156.567	0.029724877
156.6	0.031337387
156.633	0.03293
156.667	0.034485786
156.7	0.036008411
156.733	0.037503635
156.766	0.038930965
156.8	0.040206626
156.833	0.041269357
156.866	0.042123871
156.9	0.042814846
156.933	0.043373875
156.966	0.043789089
157	0.044017204
157.033	0.044015458
157.066	0.0437664
157.1	0.043279628
157.133	0.042578354
157.166	0.041687538
157.2	0.040638944
157.233	0.039466956
157.266	0.038186582
157.3	0.036785781
157.333	0.035253207
157.366	0.033612074
157.4	0.031931322
157.433	0.030296298
157.466	0.028771578
157.5	0.027371475
157.533	0.026066841
157.566	0.024821374
157.599	0.023625649
157.633	0.022509337
157.666	0.021538759
157.699	0.020789838
157.733	0.020299052
157.766	0.020040918
157.799	0.019962727
157.833	0.020038823
157.866	0.020294165
157.899	0.020780937
157.933	0.021526193
157.966	0.02249677
157.999	0.023623555
158.033	0.024848951
158.066	0.026150268
158.099	0.02753606
158.133	0.029017146
158.166	0.030577121
158.199	0.032175843
158.233	0.033776135
158.266	0.035339427
158.299	0.036820513
158.332	0.038193389
158.366	0.039455611
158.399	0.040601071
158.432	0.041600795
158.466	0.042419878
158.499	0.043050989
158.532	0.043515073
158.566	0.043811429
158.599	0.043892413
158.632	0.043709502
158.666	0.043257113
158.699	0.04256125
158.732	0.041659788
158.766	0.040604212
158.799	0.039454389
158.832	0.038256745
158.866	0.037026636
158.899	0.035748881
158.932	0.034389793
158.966	0.032925462
158.999	0.031367581
159.032	0.029756817
159.066	0.028136104
159.099	0.026556057
159.132	0.025081778
159.165	0.023768243
159.199	0.022646694
159.232	0.021733713
159.265	0.021030345
159.299	0.020526468
159.332	0.020211785
159.365	0.020072159
159.399	0.020095896
159.432	0.02029242
159.465	0.020684944
159.499	0.021275738
159.532	0.022040192
159.565	0.022970104
159.599	0.024089034
159.632	0.025400475
159.665	0.026849273
159.699	0.028355666
159.732	0.029878117
159.765	0.031414705
159.799	0.032957227
159.832	0.034480201
159.865	0.035969316
159.898	0.037413227
159.932	0.038767951
159.965	0.039971356
159.998	0.041008082
160.032	0.041905704
160.065	0.042674871
160.098	0.04328818
160.132	0.043694667
160.165	0.043842496
160.198	0.043714913
160.232	0.043351361
160.265	0.042818512
160.298	0.042160173
160.332	0.041375299
160.365	0.04043509
160.398	0.039317032
160.432	0.038019729
160.465	0.036563775
160.498	0.03499804
160.532	0.033385182
160.565	0.031774941
160.598	0.03020938
160.632	0.028730912
160.665	0.027355942
160.698	0.02606911
160.731	0.02485122
160.765	0.023705411
160.798	0.022662926
160.831	0.021768445
160.865	0.021053907
160.898	0.020535195
160.931	0.020222606
160.965	0.020117189
160.998	0.020216498
161.031	0.020521407
161.065	0.021031043
161.098	0.021738948
161.131	0.022639189
161.165	0.023715708
161.198	0.024942151
161.231	0.026296876
161.265	0.027756844
161.298	0.029277898
161.331	0.030809948
161.365	0.032336588
161.398	0.033865845
161.431	0.035382013
161.464	0.036835697
161.498	0.03818379
161.531	0.03940203
161.564	0.040467204
161.598	0.041352959
161.631	0.042046029
161.664	0.042549731
161.698	0.042877504
161.731	0.043054829
161.764	0.043108934
161.798	0.043038074
161.831	0.042797742
161.864	0.042324234
161.898	0.041588054
161.931	0.040621666
161.964	0.039495928
161.998	0.038271405
162.031	0.036973404
162.064	0.035598957
162.098	0.034143353
162.131	0.032630327
162.164	0.031099324
162.198	0.02956675
162.231	0.028034351
162.264	0.026539128
162.297	0.025158572
162.331	0.023961974
162.364	0.022972896
162.397	0.022166729
162.431	0.021498791
162.464	0.020945696
162.497	0.020527865
162.531	0.020294863
162.564	0.020293118
162.597	0.020542351
162.631	0.021034359
162.664	0.021745406
162.697	0.022648265
162.731	0.023704364
162.764	0.02486588
162.797	0.026098781
162.831	0.02739591
162.864	0.028767389
162.897	0.030214791
162.931	0.03170059
162.964	0.033167364
162.997	0.034583874
163.03	0.035956401
163.064	0.037288436
163.097	0.038551705
163.13	0.039712524
163.164	0.040754136
163.197	0.04164949
163.23	0.042343782
163.264	0.04280036
163.297	0.043037201
163.33	0.043103349
163.364	0.043028649
163.397	0.042804374
163.43	0.042403123
163.464	0.041820881
163.497	0.041086098
163.53	0.04021291
163.564	0.039179151
163.597	0.037961609
163.63	0.036576865
163.664	0.035085481
163.697	0.03355762
163.73	0.032026268
163.764	0.030492647
163.797	0.028975084
163.83	0.027516861
163.863	0.026148697
163.897	0.024874782
163.93	0.023698953
163.963	0.0226446
163.997	0.021746628
164.03	0.021031916
164.063	0.020516694
164.097	0.020215974
164.13	0.020140227
164.163	0.020295212
164.197	0.020681628
164.23	0.02127312
164.263	0.022016805
164.297	0.022880045
164.33	0.023872788
164.363	0.025015979
164.397	0.026313806
164.43	0.027744626
164.463	0.029257129
164.497	0.030791797
164.53	0.032324545
164.563	0.033859737
164.596	0.035379569
164.63	0.036835697
164.663	0.038184837
164.696	0.039404473
164.73	0.040472265
164.763	0.041362034
164.796	0.042059642
164.83	0.042564392
164.863	0.042883089
164.896	0.04303214
164.93	0.043030918
164.963	0.042878551
164.996	0.042555665
165.03	0.042046029
165.063	0.041345977
165.096	0.040462143
165.13	0.039417912
165.163	0.03824924
165.196	0.036980734
165.23	0.035616934
165.263	0.034162028
165.296	0.032646035
165.33	0.031110843
165.363	0.029574081
165.396	0.02803854
165.429	0.026540873
165.463	0.025158921
165.496	0.0239618
165.529	0.022972722
165.563	0.02216638
165.596	0.021498617
165.629	0.020945871
165.663	0.020528214
165.696	0.020295212
165.729	0.020293467
165.763	0.020542351
165.796	0.021033486
165.829	0.021743312
165.863	0.0226446
165.896	0.023698953
165.929	0.024859772
165.963	0.026094767
165.996	0.027397306
166.029	0.028776814
166.063	0.030229277
166.096	0.031710887
166.129	0.033154449
166.162	0.034519995
166.196	0.035811713
166.229	0.037051944
166.262	0.038251334
166.296	0.039395048
166.329	0.040442071
166.362	0.041342661
166.396	0.042061911
166.429	0.04258359
166.462	0.042897051
166.496	0.043001073
166.529	0.042897051
166.562	0.042583765
166.596	0.042062435
166.629	0.041343185
166.662	0.040442769
166.696	0.039395746
166.729	0.038251683
166.762	0.037051769
166.796	0.035810317
166.829	0.034516504
166.862	0.033147991
166.896	0.031701113
166.929	0.030216187
166.962	0.028761281
166.995	0.027380376
167.029	0.026079233
167.062	0.024854536
167.095	0.023722166
167.129	0.022723314
167.162	0.021903184
167.195	0.021275389
167.229	0.020820556
167.262	0.02053502
167.295	0.020454386
167.329	0.020605881
167.362	0.020968211
167.395	0.021492857
167.429	0.022151893
167.462	0.022959108
167.495	0.023953073
167.529	0.025154732
167.562	0.026539651
167.595	0.028038889
167.629	0.029575128
167.662	0.031111541
167.695	0.032646558
167.728	0.034162028
167.762	0.035616585
167.795	0.036980036
167.828	0.038248367
167.862	0.039417563
167.895	0.04046319
167.928	0.041350166
167.962	0.042054581
167.995	0.042569104
168.028	0.042893212
168.062	0.043036852
168.095	0.043010323
168.128	0.042805945
168.162	0.04240609
168.195	0.041818263
168.228	0.041083131
168.262	0.040226698
168.295	0.039236921
168.328	0.038094254
168.362	0.036798696
168.395	0.035378173
168.428	0.033892025
168.462	0.03240675
168.495	0.030946608
168.528	0.029491003
168.561	0.028026497
168.595	0.026597422
168.628	0.025291392
168.661	0.024172636
168.695	0.023243597
168.728	0.022483506
168.761	0.021899693
168.795	0.021510485
168.828	0.021301569
168.861	0.021232105
168.895	0.021275389
168.928	0.021440497
168.961	0.021758845
168.995	0.022257835
169.028	0.022951254
169.061	0.023842943
169.095	0.02492016
169.128	0.026156551
169.161	0.02752454
169.195	0.028989744
169.228	0.03048811
169.261	0.031942667
169.294	0.033310307
169.328	0.034597836
169.361	0.035835449
169.394	0.03704758
169.428	0.03823772
169.461	0.039382307
169.494	0.040433694
169.528	0.041338472
169.561	0.04206069
169.594	0.042583241
169.628	0.042897051
169.661	0.043000899
169.694	0.042897226
169.728	0.042584812
169.761	0.042066449
169.794	0.041351911
169.828	0.040456558
169.861	0.039410931
169.894	0.03825849
169.928	0.037030651
169.961	0.035733697
169.994	0.034356981
170.028	0.032902598
170.061	0.031413134
170.094	0.029956482
170.127	0.028576625
170.161	0.027277227
170.194	0.026048865
170.227	0.024899914
170.261	0.023862665
170.294	0.022980227
170.327	0.022279826
170.361	0.021766874
170.394	0.02143212
170.427	0.021250431
170.461	0.021194929
170.494	0.021267011
170.527	0.021512056
170.561	0.021993767
170.594	0.02274164
170.627	0.023719199
170.661	0.024846856
170.694	0.026049388
170.727	0.027282289
170.761	0.028537704
170.794	0.02983588
170.827	0.031205963
170.86	0.032656158
170.894	0.034144574
170.927	0.035594768
170.96	0.036944257
170.994	0.038163195
171.027	0.039235351
171.06	0.040152521
171.094	0.040927971
171.127	0.041587356
171.16	0.042138182
171.194	0.042551825
171.227	0.042778544
171.26	0.042782558
171.294	0.042564392
171.327	0.04215965
171.36	0.041614758
171.394	0.040949264
171.427	0.040141526
171.46	0.039150004
171.494	0.037953581
171.527	0.036580705
171.56	0.03510852
171.594	0.033620626
171.627	0.032155597
171.66	0.030699992
171.693	0.029242992
171.727	0.027825086
171.76	0.026523943
171.793	0.025383545
171.827	0.024379283
171.86	0.023464905
171.893	0.022645473
171.927	0.021983818
171.96	0.021533174
171.993	0.021289701
172.027	0.021214477
172.06	0.021281149
172.093	0.021500187
172.127	0.021899519
172.16	0.022483157
172.193	0.023223875
172.227	0.024108582
172.26	0.025159968
172.293	0.026397581
172.327	0.027794194
172.36	0.029268473
172.393	0.030721635
172.426	0.032094685
172.46	0.033386403
172.493	0.034625762
172.526	0.035841558
172.56	0.037046882
172.593	0.038230041
172.626	0.039352637
172.66	0.040356027
172.693	0.041186803
172.726	0.04183275
172.76	0.042320744
172.793	0.042661781
172.826	0.042819733
172.86	0.042742066
172.893	0.042403647
172.926	0.041831004
172.96	0.04108889
172.993	0.040228443
173.026	0.039260658
173.06	0.038184313
173.093	0.037007612
173.126	0.035735442
173.16	0.034365358
173.193	0.032908358
173.226	0.031414181
173.259	0.029954562
173.293	0.028574007
173.326	0.027274958
173.359	0.026047294
173.393	0.024897645
173.426	0.023857953
173.459	0.0229715
173.493	0.022266736
173.526	0.021752911
173.559	0.021427233
173.593	0.021274167
173.626	0.021273993
173.659	0.021427058
173.693	0.021752388
173.726	0.022266212
173.759	0.0229715
173.793	0.023859174
173.826	0.024901136
173.859	0.02605445
173.893	0.027286478
173.926	0.028589889
173.959	0.029973237
173.992	0.031433903
174.026	0.032928952
174.059	0.034388397
174.092	0.035763018
174.126	0.037037632
174.159	0.038204559
174.192	0.039242681
174.226	0.040126865
174.259	0.040850827
174.292	0.041429404
174.326	0.041883713
174.359	0.042222133
174.392	0.042419006
174.426	0.04242494
174.459	0.042220387
174.492	0.04181582
174.526	0.041206875
174.559	0.040384126
174.592	0.039374802
174.626	0.038243306
174.659	0.037053165
174.692	0.035843303
174.726	0.034624889
174.759	0.033383785
174.792	0.032089275
174.825	0.030712559
174.859	0.029255383
174.892	0.02778058
174.925	0.026392694
174.959	0.025182134
174.992	0.024183631
175.025	0.023376416
175.059	0.022713191
175.092	0.022162889
175.125	0.02173092
175.159	0.021448351
175.192	0.021342933
175.225	0.021433516
175.259	0.021734062
175.292	0.022248585
175.325	0.02296958
175.359	0.023881166
175.392	0.024947213
175.425	0.026112744
175.459	0.027324526
175.492	0.028547303
175.525	0.029763449
175.558	0.030970169
175.592	0.032171131
175.625	0.033374011
175.658	0.034586143
175.692	0.035809967
175.725	0.037037458
175.758	0.038242956
175.792	0.03937585
175.825	0.040363182
175.858	0.041135491
175.892	0.041667118
175.925	0.041992971
175.958	0.042161395
175.992	0.042183037
176.025	0.042042015
176.058	0.041732568
176.092	0.041256966
176.125	0.040629171
176.158	0.039879377
176.192	0.039021024
176.225	0.038031597
176.258	0.036884043
176.292	0.035577141
176.325	0.034141782
176.358	0.032649525
176.391	0.03118659
176.425	0.029803417
176.458	0.028500005
176.491	0.027253665
176.525	0.026051657
176.558	0.024907245
176.591	0.023860745
176.625	0.02296225
176.658	0.022247712
176.691	0.021735109
176.725	0.021434738
176.758	0.021345202
176.791	0.021454634
176.825	0.02174593
176.858	0.022189767
176.891	0.022750541
176.925	0.023410799
176.958	0.024182409
176.991	0.025088235
177.025	0.02613264
177.058	0.027299917
177.091	0.028574705
177.124	0.029952119
177.158	0.031416974
177.191	0.03291883
177.224	0.034385081
177.258	0.035765811
177.291	0.037046359
177.324	0.038218347
177.358	0.039259262
177.391	0.040137337
177.424	0.040837388
177.458	0.041365001
177.491	0.041738851
177.524	0.04198599
177.558	0.042118111
177.591	0.042104672
177.624	0.041901167
177.658	0.041496425
177.691	0.040908598
177.724	0.040153568
177.758	0.039240412
177.791	0.038193389
177.824	0.037053165
177.858	0.035854299
177.891	0.034607436
177.924	0.033300882
177.957	0.03191544
177.991	0.030457217
178.024	0.028987301
178.057	0.027603604
178.091	0.026382048
178.124	0.025338865
178.157	0.024435482
178.191	0.023622159
178.224	0.022886852
178.257	0.022254519
178.291	0.02176286
178.324	0.021447479
178.357	0.021330367
178.391	0.0214206
178.424	0.021725335
178.457	0.022244396
178.491	0.022967835
178.524	0.023879071
178.557	0.024941802
178.591	0.026101399
178.624	0.027305676
178.657	0.028521647
178.69	0.02973692
178.724	0.030954287
178.757	0.032186315
178.79	0.033448188
178.824	0.034745142
178.857	0.036055535
178.89	0.037324215
178.924	0.038497425
178.957	0.039548288
178.99	0.040445387
179.024	0.041135316
179.057	0.041587705
179.09	0.041831004
179.124	0.041929266
179.157	0.041929441
179.19	0.04182891
179.224	0.041577059
179.257	0.041106693
179.29	0.040390235
179.324	0.039467829
179.357	0.038416442
179.39	0.037289832
179.424	0.036094107
179.457	0.034828743
179.49	0.0335276
179.523	0.032233613
179.557	0.030965108
179.59	0.029720339
179.623	0.028496165
179.657	0.027301138
179.69	0.026160566
179.723	0.025113194
179.757	0.024192009
179.79	0.023402771
179.823	0.022730296
179.857	0.022170568
179.89	0.021753086
179.923	0.021526716
179.957	0.021527066
179.99	0.021752911
180.023	0.022166903
180.057	0.022717904
180.09	0.023377813
180.123	0.024152913
180.157	0.025069909
180.19	0.026142065
180.223	0.027362923
180.256	0.028717648
180.29	0.03017779
180.323	0.03168174
180.356	0.033151133
180.39	0.034539368
180.423	0.035843129
180.456	0.037072888
180.49	0.038222362
180.523	0.039259087
180.556	0.040139431
180.59	0.040834945
180.623	0.041338647
180.656	0.041659613
180.69	0.041826641
180.723	0.041876383
180.756	0.041826641
180.79	0.041659788
180.823	0.041338821
180.856	0.040835469
180.89	0.040140304
180.923	0.03925996
180.956	0.038222711
180.99	0.037071666
181.023	0.035838765
181.056	0.034530641
181.089	0.033137868
181.123	0.031667079
181.156	0.030172205
181.189	0.028739988
181.223	0.027440765
181.256	0.026301239
181.289	0.025311463
181.323	0.024430944
181.356	0.023619366
181.389	0.022877252
181.423	0.022244396
181.456	0.021775251
181.489	0.021521306
181.523	0.021511881
181.556	0.021739472
181.589	0.022161667
181.623	0.022725932
181.656	0.023402073
181.689	0.024193754
181.723	0.02511651
181.756	0.026165103
181.789	0.027305502
181.822	0.028497212
181.856	0.029712834
181.889	0.030941197
181.922	0.032186489
181.956	0.033459009
181.989	0.034760152
182.022	0.036062517
182.056	0.037303271
182.089	0.038421853
182.122	0.039393303
182.156	0.040211688
182.189	0.040869851
182.222	0.041360114
182.256	0.041678463
182.289	0.041833273
182.322	0.04183816
182.356	0.041689284
182.389	0.041365001
182.422	0.040848384
182.456	0.040135242
182.489	0.039234827
182.522	0.038179426
182.556	0.037022273
182.589	0.035815553
182.622	0.034593298
182.655	0.033371742
182.689	0.032153852
182.722	0.030935088
182.755	0.029712834
182.789	0.028490755
182.822	0.027286652
182.855	0.026135607
182.889	0.025089457
182.922	0.024199165
182.955	0.023490037
182.989	0.022958061
183.022	0.02258107
183.055	0.022323634
183.089	0.022163238
183.122	0.022121001
183.155	0.022243174
183.189	0.022566235
183.222	0.023120726
183.255	0.023919388
183.289	0.024928189
183.322	0.026075394
183.355	0.027290143
183.388	0.028523916
183.422	0.029752802
183.455	0.030971042
183.488	0.032183522
183.522	0.033397224
183.555	0.034616511
183.588	0.035834751
183.622	0.037029778
183.655	0.038157435
183.688	0.039157334
183.722	0.039976767
183.755	0.040607005
183.788	0.041084702
183.822	0.041439178
183.855	0.041661184
183.888	0.041727157
183.922	0.041623136
183.955	0.041347723
183.988	0.040920641
184.022	0.040374353
184.055	0.03972509
184.088	0.03895924
184.121	0.038047654
184.155	0.036975673
184.188	0.035750452
184.221	0.034386651
184.255	0.032914292
184.288	0.031399695
184.321	0.029929953
184.355	0.028566851
184.388	0.027333776
184.421	0.026236313
184.455	0.025274113
184.488	0.024433911
184.521	0.023711171
184.555	0.023135561
184.588	0.022741466
184.621	0.022520158
184.655	0.022427306
184.688	0.022426259
184.721	0.022517889
184.755	0.02273972
184.788	0.023137481
184.821	0.023720944
184.855	0.024456077
184.888	0.02531059
184.921	0.026279946
184.954	0.027359258
184.988	0.028523916
185.021	0.029743378
185.054	0.030991812