x	y
0	0.206030882
0.034	0.200520878
0.067	0.194009054
0.1	0.185498829
0.134	0.174424889
0.167	0.16058181
0.2	0.144060175
0.234	0.125172221
0.267	0.104384652
0.3	0.082237296
0.333	0.059260211
0.367	0.035935457
0.4	0.012702855
0.433	-0.010020633
0.467	-0.031833235
0.5	-0.052350453
0.533	-0.071213099
0.567	-0.08810265
0.6	-0.102747882
0.633	-0.114913002
0.667	-0.124386125
0.7	-0.130979106
0.733	-0.13454429
0.767	-0.134990397
0.8	-0.132292816
0.833	-0.126504606
0.867	-0.117761379
0.9	-0.106259485
0.933	-0.092226339
0.967	-0.075904544
1	-0.057556944
1.033	-0.037475535
1.067	-0.015985296
1.1	0.006544112
1.133	0.029688923
1.166	0.052977026
1.2	0.075920252
1.233	0.098059579
1.266	0.118986775
1.3	0.138327815
1.333	0.155732064
1.366	0.170883791
1.4	0.183507408
1.433	0.193368518
1.466	0.200293985
1.5	0.204156399
1.533	0.2049034
1.566	0.202550696
1.6	0.197180318
1.633	0.188907457
1.666	0.177889193
1.7	0.164332348
1.733	0.148486504
1.766	0.130625852
1.8	0.111056697
1.833	0.090138576
1.866	0.068284087
1.9	0.045938637
1.933	0.023555313
1.966	0.001565735
1.999	-0.019647346
2.033	-0.039753015
2.066	-0.058451775
2.099	-0.075456692
2.133	-0.090494973
2.166	-0.103320176
2.199	-0.113706805
2.233	-0.121445943
2.266	-0.126365852
2.299	-0.128353259
2.333	-0.127361562
2.366	-0.12340525
2.399	-0.116552564
2.433	-0.106908223
2.466	-0.094616219
2.499	-0.079874819
2.533	-0.062937096
2.566	-0.04409522
2.599	-0.023676788
2.633	-0.002055823
2.666	0.020337449
2.699	0.043036678
2.732	0.065574813
2.766	0.087516743
2.799	0.108471689
2.832	0.128078893
2.866	0.145988065
2.899	0.16187126
2.932	0.175447478
2.966	0.186497157
2.999	0.194848558
3.032	0.200365543
3.066	0.202943395
3.099	0.202533242
3.132	0.199131596
3.166	0.192787324
3.199	0.183610383
3.232	0.171789966
3.266	0.15758316
3.299	0.141280389
3.332	0.123177136
3.366	0.103579357
3.399	0.082827392
3.432	0.061300327
3.465	0.039391034
3.499	0.01748785
3.532	-0.004013734
3.565	-0.024700772
3.599	-0.044168175
3.632	-0.062054309
3.665	-0.078057058
3.699	-0.091916543
3.732	-0.103401159
3.765	-0.112308796
3.799	-0.118481327
3.832	-0.121819095
3.865	-0.12228056
3.899	-0.119860835
3.932	-0.114590639
3.965	-0.106562823
3.999	-0.095932895
4.032	-0.082890573
4.065	-0.067648613
4.099	-0.050453105
4.132	-0.031593252
4.165	-0.011402411
4.199	0.009745395
4.232	0.031439838
4.265	0.053244236
4.298	0.074725399
4.332	0.095476666
4.365	0.115116332
4.398	0.133288526
4.432	0.14967071
4.465	0.163974032
4.498	0.175939661
4.532	0.185352221
4.565	0.192059522
4.598	0.19594986
4.632	0.196958661
4.665	0.195068469
4.698	0.190333391
4.732	0.182865127
4.765	0.172820059
4.798	0.160393664
4.832	0.145813009
4.865	0.129326629
4.898	0.111215347
4.932	0.091807286
4.965	0.071470884
4.998	0.050583656
5.031	0.029517183
5.065	0.008641125
5.098	-0.011668573
5.131	-0.031027765
5.165	-0.04906487
5.198	-0.065453512
5.231	-0.079916358
5.265	-0.092209933
5.298	-0.102122007
5.331	-0.10947473
5.365	-0.114133887
5.398	-0.116019889
5.431	-0.115109875
5.465	-0.111439098
5.498	-0.105092383
5.531	-0.096185444
5.565	-0.084851276
5.598	-0.071255336
5.631	-0.055623818
5.665	-0.038251509
5.698	-0.019478922
5.731	0.000341735
5.765	0.020856335
5.798	0.041694171
5.831	0.06246673
5.864	0.082782363
5.898	0.102255176
5.931	0.120515683
5.964	0.137225116
5.998	0.15207525
6.031	0.164787705
6.064	0.175131573
6.098	0.182938431
6.131	0.188092388
6.164	0.19051665
6.198	0.190172821
6.231	0.187071371
6.264	0.181280368
6.298	0.172908024
6.331	0.162118747
6.364	0.149124596
6.398	0.134172535
6.431	0.117531344
6.464	0.099504188
6.498	0.080425121
6.531	0.060631691
6.564	0.040454463
6.597	0.020240583
6.631	0.000363203
6.664	-0.018796323
6.697	-0.036874444
6.731	-0.053534484
6.764	-0.068465601
6.797	-0.081390812
6.831	-0.092080255
6.864	-0.100353465
6.897	-0.106081461
6.931	-0.109190241
6.964	-0.109649263
6.997	-0.107455559
7.031	-0.10263845
7.064	-0.095261641
7.097	-0.085431598
7.131	-0.07331465
7.164	-0.059147114
7.197	-0.043216447
7.231	-0.025831571
7.264	-0.007300887
7.297	0.012066159
7.331	0.031937431
7.364	0.051947805
7.397	0.071712088
7.43	0.090839501
7.464	0.108946768
7.497	0.125684825
7.53	0.140753648
7.564	0.153898247
7.597	0.164898184
7.63	0.173568805
7.664	0.179770658
7.697	0.183402688
7.73	0.184406253
7.764	0.182763898
7.797	0.17850704
7.83	0.171697114
7.864	0.16243535
7.897	0.150896106
7.93	0.137331058
7.964	0.122035341
7.997	0.105312643
8.03	0.08746735
8.064	0.068812573
8.097	0.049671896
8.13	0.030368554
8.163	0.011227529
8.197	-0.007414333
8.23	-0.025209536
8.263	-0.041820358
8.297	-0.056939272
8.33	-0.07029907
8.363	-0.08166989
8.397	-0.090847529
8.43	-0.097649601
8.463	-0.101937351
8.497	-0.103641142
8.53	-0.102756085
8.563	-0.099315518
8.597	-0.093380875
8.63	-0.085052862
8.663	-0.074480006
8.697	-0.061854992
8.73	-0.047406982
8.763	-0.031399346
8.797	-0.01412495
8.83	0.004101349
8.863	0.02294916
8.897	0.042076223
8.93	0.061129459
8.963	0.079752995
8.996	0.097602302
9.03	0.11435502
9.063	0.129713219
9.096	0.143393459
9.13	0.155124515
9.163	0.164654187
9.196	0.171771814
9.23	0.176348068
9.263	0.178351706
9.296	0.177808908
9.33	0.174768545
9.363	0.169307409
9.396	0.16153476
9.43	0.151579228
9.463	0.139598938
9.496	0.125809267
9.53	0.110471837
9.563	0.093863458
9.596	0.076270016
9.63	0.057996767
9.663	0.039376199
9.696	0.020765753
9.729	0.002527935
9.763	-0.014987142
9.796	-0.031448564
9.829	-0.046560323
9.863	-0.060076676
9.896	-0.071794119
9.929	-0.081524678
9.963	-0.089085619
9.996	-0.094321782
10.029	-0.097130714
10.063	-0.097464596
10.096	-0.095313652
10.129	-0.09070511
10.163	-0.08371559
10.196	-0.074478959
10.229	-0.06317865
10.263	-0.050035623
10.296	-0.035299982
10.329	-0.019244698
10.363	-0.002156529
10.396	0.015659618
10.429	0.033874397
10.463	0.052144853
10.496	0.070136405
10.529	0.087526866
10.562	0.104002774
10.596	0.1192669
10.629	0.13304994
10.662	0.14510999
10.696	0.155223999
10.729	0.163178686
10.762	0.168785032
10.796	0.171914059
10.829	0.172521259
10.862	0.170650266
10.896	0.166403705
10.929	0.15990183
10.962	0.15127362
10.996	0.14066132
11.029	0.128230736
11.062	0.114183454
11.096	0.098760852
11.129	0.082242532
11.162	0.064946145
11.196	0.047214298
11.229	0.029392217
11.262	0.011809945
11.295	-0.00522377
11.329	-0.021414666
11.362	-0.036482966
11.395	-0.050168442
11.429	-0.062232158
11.462	-0.072453679
11.495	-0.080641716
11.529	-0.086643555
11.562	-0.090343304
11.595	-0.091670277
11.629	-0.090611037
11.662	-0.087204329
11.695	-0.081521362
11.729	-0.073656036
11.762	-0.063738377
11.795	-0.051945536
11.829	-0.038496727
11.862	-0.023637343
11.895	-0.007633372
11.929	0.009222669
11.962	0.02661278
11.995	0.044208492
12.029	0.061686044
12.062	0.078724298
12.095	0.094994257
12.128	0.110167451
12.162	0.123949269
12.195	0.136100775
12.228	0.146436266
12.262	0.15479552
12.295	0.161028964
12.328	0.165016867
12.362	0.166685925
12.395	0.166002628
12.428	0.162972213
12.462	0.157664667
12.495	0.150219092
12.528	0.140807754
12.562	0.129609547
12.595	0.116817854
12.628	0.102648224
12.662	0.087337672
12.695	0.071150616
12.728	0.054381318
12.762	0.037349173
12.795	0.020381257
12.828	0.003794695
12.861	-0.012105778
12.895	-0.027034627
12.928	-0.04072848
12.961	-0.05293985
12.995	-0.063447605
13.028	-0.072074419
13.061	-0.078681712
13.095	-0.083154118
13.128	-0.08540472
13.161	-0.085385347
13.195	-0.083090937
13.228	-0.078561109
13.261	-0.07188348
13.295	-0.063189297
13.328	-0.052646461
13.361	-0.040450972
13.395	-0.026818206
13.428	-0.011984827
13.461	0.003779685
13.495	0.020172865
13.528	0.036878982
13.561	0.053589462
13.595	0.070001317
13.628	0.085812603
13.661	0.100736041
13.694	0.114503896
13.728	0.126854544
13.761	0.137535959
13.794	0.146340971
13.828	0.153129953
13.861	0.157817907
13.894	0.160353172
13.928	0.160698398
13.961	0.158835259
13.994	0.154787666
14.028	0.148620894
14.061	0.140435126
14.094	0.130373652
14.128	0.118635789
14.161	0.105459775
14.194	0.091090828
14.228	0.075784989
14.261	0.059835297
14.294	0.043569352
14.328	0.027315974
14.361	0.011370296
14.394	-0.00400588
14.427	-0.018561751
14.461	-0.032052448
14.494	-0.044248983
14.527	-0.054945059
14.561	-0.063953402
14.594	-0.071101747
14.627	-0.076238774
14.661	-0.079252783
14.694	-0.080079895
14.727	-0.078702481
14.761	-0.075155797
14.794	-0.069529729
14.827	-0.061945575
14.861	-0.052537727
14.894	-0.04146082
14.927	-0.028903874
14.961	-0.015103556
14.994	-0.000341037
15.027	0.015086277
15.061	0.030892502
15.094	0.046805716
15.127	0.062557836
15.161	0.077878511
15.194	0.092487441
15.227	0.106099961
15.26	0.11845602
15.294	0.129336402
15.327	0.138549297
15.36	0.145923837
15.394	0.151312716
15.427	0.154595331
15.46	0.155687209
15.494	0.154562868
15.527	0.151267337
15.56	0.145909176
15.594	0.138634819
15.627	0.129608674
15.66	0.119001959
15.694	0.107000726
15.727	0.093808655
15.76	0.079645482
15.794	0.064756428
15.827	0.049419172
15.86	0.033930422
15.894	0.018577285
15.927	0.003632903
15.96	-0.010628532
15.993	-0.023940856
16.027	-0.036072989
16.06	-0.046822821
16.093	-0.056002031
16.127	-0.063441671
16.16	-0.069006828
16.193	-0.072598192
16.227	-0.074147172
16.26	-0.073615893
16.293	-0.071007673
16.327	-0.066379758
16.36	-0.059841231
16.393	-0.051533988
16.427	-0.041611965
16.46	-0.030236782
16.493	-0.017596759
16.527	-0.00391617
16.56	0.010554181
16.593	0.025547082
16.627	0.040776651
16.66	0.055941119
16.693	0.070738544
16.727	0.084886532
16.76	0.098136722
16.793	0.110269728
16.826	0.121079773
16.86	0.130368416
16.893	0.137953093
16.926	0.143692783
16.96	0.147495506
16.993	0.149302795
17.026	0.149082883
17.06	0.146835074
17.093	0.142594447
17.126	0.136448096
17.16	0.128536693
17.193	0.119018365
17.226	0.108055952
17.26	0.095830444
17.293	0.082559135
17.326	0.068502079
17.36	0.053949
17.393	0.039187703
17.426	0.024488191
17.46	0.01010598
17.493	-0.003710745
17.526	-0.01671624
17.559	-0.02866808
17.593	-0.039342165
17.626	-0.048547206
17.659	-0.056122633
17.693	-0.061928296
17.726	-0.065858952
17.759	-0.067867128
17.793	-0.067954743
17.826	-0.066141172
17.859	-0.062450499
17.893	-0.056927928
17.926	-0.049657759
17.959	-0.040765655
17.993	-0.030409395
18.026	-0.018769794
18.059	-0.006055071
18.093	0.007496713
18.126	0.021626375
18.159	0.036065309
18.193	0.050537928
18.226	0.064764456
18.259	0.078479602
18.293	0.091445304
18.326	0.10344741
18.359	0.114273164
18.392	0.123703352
18.426	0.13153639
18.459	0.137607343
18.492	0.141794737
18.526	0.144036438
18.559	0.144322323
18.592	0.142671242
18.626	0.139123162
18.659	0.1337465
18.692	0.126641614
18.726	0.117939228
18.759	0.107803577
18.792	0.096433281
18.826	0.084052962
18.859	0.070902605
18.892	0.057231615
18.926	0.043297604
18.959	0.029359929
18.992	0.015669042
19.026	0.002456725
19.059	-0.010062347
19.092	-0.021684843
19.125	-0.032209004
19.159	-0.041429579
19.192	-0.049152835
19.225	-0.055225185
19.259	-0.059539115
19.292	-0.062020973
19.325	-0.062637423
19.359	-0.06139981
19.392	-0.058349673
19.425	-0.0535474
19.459	-0.04707729
19.492	-0.039051742
19.525	-0.029614049
19.559	-0.018933157
19.592	-0.007193375
19.625	0.0053997
19.659	0.01861062
19.692	0.032188584
19.725	0.045881914
19.759	0.059437537
19.792	0.072604475
19.825	0.085142397
19.859	0.096817253
19.892	0.107398486
19.925	0.116674562
19.958	0.124474613
19.992	0.130670881
20.025	0.135165279
20.058	0.137873157
20.092	0.13873343
20.125	0.137746097
20.158	0.134972245
20.192	0.130488494
20.225	0.124367276
20.258	0.116696903
20.292	0.107596581
20.325	0.097223915
20.358	0.085779966
20.392	0.073495989
20.425	0.060609351
20.458	0.047368061
20.492	0.034036189
20.525	0.020881468
20.558	0.008156971
20.592	-0.003914424
20.625	-0.015143175
20.658	-0.025358936
20.691	-0.034404279
20.725	-0.042133819
20.758	-0.048411594
20.791	-0.053113511
20.825	-0.056141482
20.858	-0.057431455
20.891	-0.056946777
20.925	-0.054678198
20.958	-0.050654691
20.991	-0.044947639
21.025	-0.037662634
21.058	-0.028934941
21.091	-0.018942058
21.125	-0.007902327
21.158	0.003946888
21.191	0.016370665
21.225	0.029143159
21.258	0.042049694
21.291	0.054884845
21.325	0.067443362
21.358	0.079508474
21.391	0.090841421
21.425	0.101195412
21.458	0.110352456
21.491	0.118144828
21.524	0.124443721
21.558	0.129148081
21.591	0.13219211
21.624	0.133544566
21.658	0.133193406
21.691	0.131135488
21.724	0.127379016
21.758	0.121967448
21.791	0.114998174
21.824	0.106625131
21.858	0.097043797
21.891	0.086463088
21.924	0.07508005
21.958	0.063078643
21.991	0.050654342
22.024	0.038031772
22.058	0.025461736
22.091	0.01320743
22.124	0.001521753
22.158	-0.009375734
22.191	-0.019315559
22.224	-0.02817101
22.257	-0.035829166
22.291	-0.042168027
22.324	-0.047056171
22.357	-0.050368108
22.391	-0.052014651
22.424	-0.051963513
22.457	-0.050236335
22.491	-0.046883034
22.524	-0.041965046
22.557	-0.035560211
22.591	-0.027769934
22.624	-0.018723718
22.657	-0.008585798
22.691	0.002440319
22.724	0.014122506
22.757	0.026221303
22.791	0.038507199
22.824	0.050763774
22.857	0.062778621
22.891	0.074333049
22.924	0.085212908
22.957	0.095226037
22.991	0.104205756
23.024	0.111998302
23.057	0.118449737
23.09	0.123404377
23.124	0.126734291
23.157	0.128379613
23.19	0.128344008
23.224	0.126666572
23.257	0.12341258
23.29	0.11866703
23.324	0.11251265
23.357	0.105034787
23.39	0.096350378
23.424	0.086622087
23.457	0.076039458
23.49	0.064801981
23.524	0.053122586
23.557	0.041232182
23.59	0.029362547
23.624	0.017725913
23.657	0.006518805
23.69	-0.004065046
23.724	-0.013829116
23.757	-0.022577579
23.79	-0.030132935
23.823	-0.036360619
23.857	-0.041179473
23.89	-0.044547435
23.923	-0.046431169
23.957	-0.046787565
23.99	-0.045574736
24.023	-0.042782383
24.057	-0.038451698
24.09	-0.032668724
24.123	-0.025550922
24.157	-0.017242806
24.19	-0.007918733
24.223	0.002225818
24.257	0.012999038
24.29	0.024219061
24.323	0.035703851
24.357	0.047261073
24.39	0.058688092
24.423	0.069771108
24.457	0.080289509
24.49	0.09002129
24.523	0.098748984
24.557	0.10627973
24.59	0.112470937
24.623	0.11724511
24.656	0.120574675
24.69	0.122447937
24.723	0.122845698
24.756	0.121742824
24.79	0.119129717
24.823	0.115034127
24.856	0.109530581
24.89	0.102732698
24.923	0.094775218
24.956	0.085813476
24.99	0.076017467
25.023	0.06555893
25.056	0.054624966
25.09	0.043430424
25.123	0.032201674
25.156	0.021152169
25.19	0.010486113
25.223	0.000408233
25.256	-0.008890707
25.29	-0.01725066
25.323	-0.024544391
25.356	-0.030666482
25.389	-0.035515879
25.423	-0.038994321
25.456	-0.041026582
25.489	-0.041571299
25.523	-0.040618
25.556	-0.038188851
25.589	-0.034337608
25.623	-0.02914089
25.656	-0.02269696
25.689	-0.015129736
25.723	-0.006586873
25.756	0.002772281
25.789	0.01278349
25.823	0.023275013
25.856	0.034058704
25.889	0.044933327
25.923	0.055692758
25.956	0.066131747
25.989	0.07605342
26.023	0.085274518
26.056	0.093628711
26.089	0.100965377
26.123	0.107148206
26.156	0.112059737
26.189	0.115612006
26.222	0.117745845
26.256	0.118422335
26.289	0.117624196
26.322	0.115360155
26.356	0.111676987
26.389	0.106663528
26.422	0.100438113
26.456	0.093129198
26.489	0.084861748
26.522	0.075759856
26.556	0.065969781
26.589	0.055678098
26.622	0.045105591
26.656	0.034475838
26.689	0.023990423
26.722	0.013834178
26.756	0.004195946
26.789	-0.004734904
26.822	-0.012790296
26.856	-0.019833398
26.889	-0.025753729
26.922	-0.030461581
26.955	-0.033881728
26.989	-0.035962684
27.022	-0.03667984
27.055	-0.036028657
27.089	-0.034013151
27.122	-0.030648331
27.155	-0.025970499
27.189	-0.020055928
27.222	-0.013030977
27.255	-0.005055346
27.289	0.003705858
27.322	0.013093111
27.355	0.022942528
27.389	0.033077131
27.422	0.043308775
27.455	0.05344652
27.489	0.06330379
27.522	0.072703435
27.555	0.081475635
27.589	0.08945336
27.622	0.096485815
27.655	0.102454667
27.689	0.107256591
27.722	0.110789312
27.755	0.112966087
27.788	0.113729145
27.822	0.113057193
27.855	0.110979902
27.888	0.107581048
27.922	0.102970412
27.955	0.097251491
27.988	0.090525167
28.022	0.082901743
28.055	0.074490827
28.088	0.065407435
28.122	0.055804285
28.155	0.045887149
28.188	0.035885715
28.222	0.026020241
28.255	0.016478003
28.288	0.007415904
28.322	-0.001017701
28.355	-0.008676381
28.388	-0.015423649
28.422	-0.021142744
28.455	-0.025734705
28.488	-0.029119597
28.521	-0.031233714
28.555	-0.03204058
28.588	-0.031539845
28.621	-0.029758911
28.655	-0.026733732
28.688	-0.022498167
28.721	-0.017098642
28.755	-0.010620852
28.788	-0.003193603
28.821	0.005028643
28.855	0.013872575
28.888	0.023154934
28.921	0.03269089
28.955	0.042300498
28.988	0.051810622
29.021	0.061060344
29.055	0.069901658
29.088	0.078194765
29.121	0.085790438
29.155	0.092534564
29.188	0.098294151
29.221	0.102956798
29.255	0.106408885
29.288	0.108545691
29.321	0.109308575
29.354	0.108703993
29.388	0.106796173
29.421	0.103683902
29.454	0.099457936
29.488	0.094176745
29.521	0.087896352
29.554	0.080712751
29.588	0.072764696
29.621	0.064219215
29.654	0.055266549
29.688	0.04610165
29.721	0.036896086
29.754	0.027791576
29.788	0.018921638
29.821	0.010432706
29.854	0.002480811
29.888	-0.004781679
29.921	-0.011218627
29.954	-0.016715018
29.988	-0.02117608
30.021	-0.024524669
30.054	-0.026696207
30.087	-0.027634147
30.121	-0.027299917
30.154	-0.025697181
30.187	-0.022873762
30.221	-0.018899472
30.254	-0.013857216
30.287	-0.007847175
30.321	-0.000981748
30.354	0.006617939
30.387	0.014819765
30.421	0.023482358
30.454	0.032453699
30.487	0.041551403
30.521	0.05056725
30.554	0.059306812
30.587	0.067617546
30.621	0.075376407
30.654	0.082459128
30.687	0.088729049
30.721	0.094051605
30.754	0.098317713
30.787	0.10146332
30.821	0.103471321
30.854	0.104345731
30.887	0.104075554
30.92	0.102634261
30.954	0.100005621
30.987	0.096208133
31.02	0.091307423
31.054	0.085413097
31.087	0.078657801
31.12	0.071177319
31.154	0.063114596
31.187	0.054633169
31.22	0.045921882
31.254	0.037177607
31.287	0.028578719
31.32	0.020266938
31.354	0.012351695
31.387	0.004941551
31.42	-0.00183853
31.454	-0.007863232
31.487	-0.013023996
31.52	-0.017219418
31.554	-0.020353506
31.587	-0.022357668
31.62	-0.023201185
31.653	-0.022881266
31.687	-0.021406987
31.72	-0.018799814
31.753	-0.015105999
31.787	-0.010402686
31.82	-0.004785518
31.853	0.001639388
31.887	0.008746194
31.92	0.016391434
31.953	0.024428152
31.987	0.032715499
32.02	0.041117165
32.053	0.049498759
32.087	0.057721005
32.12	0.065632757
32.153	0.073076238
32.187	0.079887909
32.22	0.085898648
32.253	0.090956438
32.287	0.094962492
32.32	0.097882951
32.353	0.099724972
32.387	0.100496058
32.42	0.10017963
32.453	0.098748286
32.486	0.096195567
32.52	0.092559174
32.553	0.087920263
32.586	0.082384253
32.62	0.076065289
32.653	0.069085542
32.686	0.061577659
32.72	0.053686677
32.753	0.045575085
32.786	0.037411482
32.82	0.0293519
32.853	0.021527066
32.886	0.014052693
32.92	0.007047465
32.953	0.000646295
32.986	-0.005009619
33.02	-0.009798278
33.053	-0.013633465
33.086	-0.016467531
33.12	-0.018284069
33.153	-0.019072784
33.186	-0.018814649
33.219	-0.017493959
33.253	-0.015121882
33.286	-0.011741004
33.319	-0.007410843
33.353	-0.00219702
33.386	0.003818955
33.419	0.010533237
33.453	0.017817717
33.486	0.025526488
33.519	0.033496883
33.553	0.041552799
33.586	0.049513595
33.619	0.05721294
33.653	0.064507893
33.686	0.071277676
33.719	0.077421758
33.753	0.082851478
33.786	0.087477647
33.819	0.091214397
33.853	0.093995754
33.886	0.095782797
33.919	0.096543586
33.953	0.096239898
33.986	0.094841541
34.019	0.092356715
34.052	0.088849651
34.086	0.084430128
34.119	0.079217004
34.152	0.073301734
34.186	0.066760066
34.219	0.059694275
34.252	0.052253063
34.286	0.044608172
34.319	0.036928374
34.352	0.029369353
34.386	0.022072655
34.419	0.015160628
34.452	0.008737118
34.486	0.002901959
34.519	-0.002249555
34.552	-0.00664028
34.586	-0.010210002
34.619	-0.012894842
34.652	-0.014624637
34.686	-0.015340397
34.719	-0.015012275
34.752	-0.013642192
34.785	-0.01126453
34.819	-0.007945611
34.852	-0.003768689
34.885	0.001187697
34.919	0.006850068
34.952	0.013131683
34.985	0.019916301
35.019	0.027066217
35.052	0.034437964
35.085	0.041883888
35.119	0.049253541
35.152	0.056408867
35.185	0.063224552
35.219	0.069584881
35.252	0.075392115
35.285	0.08055829
35.319	0.084978336
35.352	0.088526067
35.385	0.091090304
35.419	0.092607694
35.452	0.09306305
35.485	0.092468766
35.519	0.090855732
35.552	0.088286782
35.585	0.084851451
35.618	0.080638749
35.652	0.075723379
35.685	0.070173581
35.718	0.064070339
35.752	0.057522212
35.785	0.050663592
35.818	0.043638118
35.852	0.036581927
35.885	0.029620681
35.918	0.022871842
35.952	0.016444318
35.985	0.010442479
36.018	0.004969127
36.052	0.000121649
36.085	-0.00400588
36.118	-0.007321831
36.152	-0.009742428
36.185	-0.011210773
36.218	-0.011704527
36.252	-0.011225434
36.285	-0.009787632
36.318	-0.007427772
36.351	-0.004212701
36.385	-0.000219213
36.418	0.004486892
36.451	0.009842086
36.485	0.015768875
36.518	0.022166903
36.551	0.02890527
36.585	0.035826897
36.618	0.042771213
36.651	0.049594752
36.685	0.056176389
36.718	0.062406865
36.751	0.068175702
36.785	0.073384463
36.818	0.077963858
36.851	0.081858734
36.885	0.084994917
36.918	0.087273095
36.951	0.088606352
36.985	0.088952276
37.018	0.088318198
37.051	0.086756128
37.085	0.084344956
37.118	0.081155192
37.151	0.07723623
37.184	0.072636589
37.218	0.067418055
37.251	0.061653407
37.284	0.055440907
37.318	0.048923673
37.351	0.042270129
37.384	0.035630548
37.418	0.029124484
37.451	0.022858752
37.484	0.016942435
37.518	0.011477634
37.551	0.006549697
37.584	0.002229833
37.618	-0.00141232
37.651	-0.004300142
37.684	-0.006367485
37.718	-0.007580489
37.751	-0.007928333
37.784	-0.007403163
37.818	-0.00599573
37.851	-0.003712141
37.884	-0.000590619
37.917	0.003295007
37.951	0.007846302
37.984	0.012959419
38.017	0.018529812
38.051	0.024455728
38.084	0.030645713
38.117	0.037009009
38.151	0.043444038
38.184	0.049833863
38.217	0.056044966
38.251	0.061930914
38.284	0.06734894
38.317	0.07217844
38.351	0.07632255
38.384	0.079707093
38.417	0.082280406
38.451	0.084018754
38.484	0.084923358
38.517	0.085009752
38.551	0.084302544
38.584	0.082823378
38.617	0.08057871
38.651	0.077576744
38.684	0.073850117
38.717	0.069453632
38.75	0.064462165
38.784	0.058981133
38.817	0.053140214
38.85	0.047075544
38.884	0.04092256
38.917	0.034808847
38.95	0.028838424
38.984	0.023096815
39.017	0.017668143
39.05	0.012644212
39.084	0.008122588
39.117	0.004191757
39.15	0.000912458
39.184	-0.001672898
39.217	-0.003509857
39.25	-0.004532271
39.284	-0.004693539
39.317	-0.003991743
39.35	-0.002459343
39.384	-0.000139975
39.417	0.002922903
39.45	0.00667571
39.483	0.011045665
39.517	0.015941488
39.55	0.021262299
39.583	0.026897444
39.617	0.032735745
39.65	0.038673878
39.683	0.044609219
39.717	0.050429543
39.75	0.056023324
39.783	0.061293694
39.817	0.066150946
39.85	0.070502575
39.883	0.074267774
39.917	0.077382489
39.95	0.079788599
39.983	0.081433921
40.017	0.082280755
40.05	0.082311298
40.083	0.081530089
40.117	0.079961212
40.15	0.077634165
40.183	0.074582806
40.217	0.070854957
40.25	0.066527239
40.283	0.061699833
40.316	0.056487581
40.35	0.051006026
40.383	0.04535814
40.416	0.039636427
40.45	0.033939324
40.483	0.028375388
40.516	0.023056148
40.55	0.018078469
40.583	0.013520193
40.616	0.009452005
40.65	0.005945464
40.683	0.003069685
40.716	0.000886453
40.75	-0.000551873
40.783	-0.001210735
40.816	-0.001086118
40.85	-0.00019984
40.883	0.001414066
40.916	0.003721391
40.95	0.00668688
40.983	0.010266201
41.016	0.014396697
41.049	0.018991451
41.083	0.023946441
41.116	0.029158867
41.149	0.034541811
41.183	0.040013593
41.216	0.045477172
41.249	0.050817705
41.283	0.055922444
41.316	0.060695221
41.349	0.065059242
41.383	0.068950803
41.416	0.072303231
41.449	0.075039733
41.483	0.077085608
41.516	0.078386053
41.549	0.078922218
41.583	0.078707019
41.616	0.077767334
41.649	0.076129342
41.683	0.073815385
41.716	0.070850245
41.749	0.067271447
41.782	0.063141998
41.816	0.058558589
41.849	0.053644789
41.882	0.048529229
41.916	0.043321166
41.949	0.038106646
41.982	0.032960543
42.016	0.027958778
42.049	0.023181812
42.082	0.0187115
42.116	0.014628826
42.149	0.011009711
42.182	0.00792362
42.216	0.005433035
42.249	0.00358735
42.282	0.002422692
42.316	0.001971873
42.349	0.002258805
42.382	0.003283139
42.416	0.005015029
42.449	0.007397404
42.482	0.010363241
42.516	0.013849188
42.549	0.017797122
42.582	0.022151195
42.615	0.026843513
42.649	0.031782795
42.682	0.036859958
42.715	0.041963824
42.749	0.046990198
42.782	0.051845005
42.815	0.056450231
42.849	0.060734316
42.882	0.064629368
42.915	0.068073775
42.949	0.071006103
42.982	0.073353396
43.015	0.075046365
43.049	0.076037538
43.082	0.076298814
43.115	0.075819721
43.149	0.074614047
43.182	0.072729266
43.215	0.070236412
43.249	0.067203728
43.282	0.063687937
43.315	0.059742795
43.349	0.05543061
43.382	0.050834111
43.415	0.046061159
43.448	0.041223804
43.482	0.036410012
43.515	0.031688896
43.548	0.027132539
43.582	0.022816689
43.615	0.018811333
43.648	0.015190997
43.682	0.012042423
43.715	0.009445547
43.748	0.007441735
43.782	0.006039014
43.815	0.005242096
43.848	0.005069658
43.882	0.005542642
43.915	0.006664365
43.948	0.00841144
43.982	0.010744596
44.015	0.013620549
44.048	0.016993398
44.082	0.020803801
44.115	0.024971473
44.148	0.029399722
44.181	0.033998665
44.215	0.03869395
44.248	0.043412796
44.281	0.048069335
44.315	0.052564779
44.348	0.056799297
44.381	0.060680909
44.415	0.064137708
44.448	0.067114367
44.481	0.069558177
44.515	0.071428298
44.548	0.072698897
44.581	0.073345018
44.615	0.07334432
44.648	0.072695756
44.681	0.071420095
44.715	0.069540724
44.748	0.067082952
44.781	0.06409041
44.815	0.060622615
44.848	0.056748682
44.881	0.052560765
44.914	0.048171436
44.948	0.043691351
44.981	0.039213709
45.014	0.034812337
45.048	0.030542389
45.081	0.026441913
45.114	0.022548258
45.148	0.018923558
45.181	0.015660839
45.214	0.012863251
45.248	0.010617012
45.281	0.008977799
45.314	0.007969173
45.348	0.007587819
45.381	0.007810174
45.414	0.008601506
45.448	0.009930225
45.481	0.011781322
45.514	0.014148512
45.548	0.017013993
45.581	0.02033169
45.614	0.024029519
45.648	0.028027719
45.681	0.032249147
45.714	0.036611074
45.747	0.041020124
45.781	0.045379782
45.814	0.049601734
45.847	0.053612151
45.881	0.057345411
45.914	0.060733793
45.947	0.063710626
45.981	0.066217443
46.014	0.068202406
46.047	0.069627118
46.081	0.070479188
46.114	0.070762629
46.147	0.070479711
46.181	0.069626594
46.214	0.068197693
46.247	0.066204004
46.281	0.063683574
46.314	0.060689112
46.347	0.057284499
46.381	0.053547225
46.414	0.049564907
46.447	0.045427779
46.48	0.04123288
46.514	0.037074109
46.547	0.033024073
46.58	0.029133559
46.614	0.025451438
46.647	0.022033735
46.68	0.018932459
46.714	0.016192292
46.747	0.013866117
46.78	0.012027064
46.814	0.010745294
46.847	0.010055365
46.88	0.009955009
46.914	0.010432706
46.947	0.011478856
46.98	0.013079323
47.014	0.015202341
47.047	0.017800439
47.08	0.020817589
47.114	0.024184853
47.147	0.027816534
47.18	0.031621701
47.214	0.035524606
47.247	0.039469225
47.28	0.043413843
47.313	0.047316051
47.347	0.051120868
47.38	0.054751328
47.413	0.058116148
47.447	0.061126317
47.48	0.063708357
47.513	0.065797866
47.547	0.06733934
47.58	0.068295083
47.613	0.068653748
47.647	0.068429473
47.68	0.067656118
47.713	0.066374697
47.747	0.064616627
47.78	0.062404596
47.813	0.05976339
47.847	0.056727564
47.88	0.05335105
47.913	0.049713609
47.947	0.045907221
47.98	0.042016533
48.013	0.038114151
48.047	0.034266573
48.08	0.030541866
48.113	0.027009145
48.146	0.023733336
48.18	0.020775527
48.213	0.018191567
48.246	0.016022297
48.28	0.014297039
48.313	0.013044765
48.346	0.012288689
48.38	0.012042248
48.413	0.012312949
48.446	0.013103234
48.48	0.014406471
48.513	0.016197703
48.546	0.018432073
48.58	0.021051987
48.613	0.024000895
48.646	0.027236212
48.68	0.030722333
48.713	0.034406897
48.746	0.038213984
48.78	0.042057897
48.813	0.045848578
48.846	0.049492825
48.879	0.052905467
48.913	0.056022975
48.946	0.058810265
48.979	0.061238018
49.013	0.063265742
49.046	0.064846312
49.079	0.065944299
49.113	0.066537536
49.146	0.066611538
49.179	0.066164908
49.213	0.065219114
49.246	0.063805049
49.279	0.061939466
49.313	0.059633712
49.346	0.056917805
49.379	0.05384812
49.413	0.050495168
49.446	0.046929286
49.479	0.043227966
49.513	0.039481093
49.546	0.035781693
49.579	0.032212669
49.612	0.028837028
49.646	0.025703289
49.679	0.022857006
49.712	0.020342161
49.746	0.018198723
49.779	0.016457757
49.812	0.015138811
49.846	0.014257944
49.879	0.013831036
49.912	0.013875193
49.946	0.014410136
49.979	0.015451749
50.012	0.01699462
50.046	0.019000876
50.079	0.021408034
50.112	0.02415239
50.146	0.027178965
50.179	0.030430688
50.212	0.033842109
50.246	0.037355631
50.279	0.040923782
50.312	0.044488966
50.346	0.047972643
50.379	0.051294354
50.412	0.054379922
50.445	0.057162151
50.479	0.059586762
50.512	0.06161501
50.545	0.06321024
50.579	0.064334582
50.612	0.064969358
50.645	0.065125041
50.679	0.064819783
50.712	0.064059692
50.745	0.06283674
50.779	0.061145341
50.812	0.059007313
50.845	0.056483218
50.879	0.053655261
50.912	0.05059535
50.945	0.047355495
50.979	0.043980726
51.012	0.040524276
51.045	0.037060496
51.079	0.033674906
51.112	0.030435575
51.145	0.027385089
51.178	0.024567255
51.212	0.022038098
51.245	0.01984579
51.278	0.018026982
51.312	0.01662112
51.345	0.015667123
51.378	0.015187855
51.412	0.015188553
51.445	0.015665901
51.478	0.016609251
51.512	0.017990854
51.545	0.019768472
51.578	0.021905627
51.612	0.024379806
51.645	0.027165352
51.678	0.030214442
51.712	0.033458136
51.745	0.036816324
51.778	0.040204707
51.812	0.043548932
51.845	0.046794546
51.878	0.049899836
51.912	0.052821517
51.945	0.055494489
51.978	0.057839688
52.011	0.059801089
52.045	0.061363159
52.078	0.06252642
52.111	0.063278657
52.145	0.063600322
52.178	0.063480243
52.211	0.062916327
52.245	0.061900022
52.278	0.060418412
52.311	0.058483889
52.345	0.056149336
52.378	0.053488582
52.411	0.050573882
52.445	0.04747505
52.478	0.044261899
52.511	0.040997261
52.545	0.037737684
52.578	0.034540415
52.611	0.031470555
52.645	0.028600012
52.678	0.025988127
52.711	0.023661603
52.745	0.021621488
52.778	0.019877904
52.811	0.018466107
52.844	0.017433221
52.878	0.016823054
52.911	0.016672781
52.944	0.017007186
52.978	0.017826618
53.011	0.019104549
53.044	0.02079682
53.078	0.02284252
53.111	0.025166601
53.144	0.027696455
53.178	0.030385659
53.211	0.033217281
53.244	0.036188529
53.278	0.039279682
53.311	0.042442393
53.344	0.045603533
53.378	0.048672695
53.411	0.051551441
53.444	0.054154774
53.478	0.056434698
53.511	0.058375678
53.544	0.059966895
53.577	0.061190196
53.611	0.062019228
53.644	0.062427111
53.677	0.062394124
53.711	0.061907178
53.744	0.060964351
53.777	0.059586239
53.811	0.057814555
53.844	0.055692758
53.877	0.053256977
53.911	0.050551891
53.944	0.047643474
53.977	0.044603634
54.011	0.041487174
54.044	0.038341044
54.077	0.03522249
54.111	0.032203419
54.144	0.029358358
54.177	0.026750312
54.211	0.024423788
54.244	0.022411424
54.277	0.020743238
54.31	0.019448378
54.344	0.018544472
54.377	0.018038327
54.41	0.017942857
54.444	0.018268012
54.477	0.019004541
54.51	0.02012225
54.544	0.021589199
54.577	0.023384096
54.61	0.025482854
54.644	0.027844285
54.677	0.030419344
54.71	0.033168412
54.744	0.036057804
54.777	0.039043888
54.81	0.042072732
54.844	0.045087265
54.877	0.048018197
54.91	0.050779656
54.944	0.053288044
54.977	0.055481573
55.01	0.057330052
55.044	0.058829289
55.077	0.059978065
55.11	0.06076102
55.143	0.061151625
55.177	0.061128586
55.21	0.060674626
55.243	0.059783112
55.277	0.058464516
55.31	0.056749206
55.343	0.054690939
55.377	0.052367208
55.41	0.049858995
55.443	0.047226864
55.477	0.044503452
55.51	0.041703421
55.543	0.03884684
55.577	0.035979264
55.61	0.033169284
55.643	0.030485317
55.677	0.027984958
55.71	0.025718997
55.743	0.023733511
55.777	0.022071434
55.81	0.020769942
55.843	0.01984771
55.876	0.019307879
55.91	0.019156385
55.943	0.019397589
55.976	0.020024163
56.01	0.021016557
56.043	0.022345974
56.076	0.023980475
56.11	0.025901035
56.143	0.028097881
56.176	0.030546404
56.21	0.033203144
56.243	0.036007888
56.276	0.038883143
56.31	0.041748101
56.343	0.044544817
56.376	0.047242223
56.41	0.04981222
56.443	0.052209081
56.476	0.054369101
56.51	0.056228051
56.543	0.05773427
56.576	0.058860007
56.61	0.059601423
56.643	0.059967942
56.676	0.059967244
56.709	0.059599154
56.743	0.058855295
56.776	0.057726765
56.809	0.056216881
56.843	0.054356185
56.876	0.052197911
56.909	0.049811173
56.943	0.047265087
56.976	0.044610441
57.009	0.041876557
57.043	0.039083158
57.076	0.036264451
57.109	0.033488854
57.143	0.030849218
57.176	0.028427399
57.209	0.026270696
57.243	0.024404066
57.276	0.022849327
57.309	0.021629342
57.343	0.020760866
57.376	0.020249135
57.409	0.020085947
57.442	0.020267112
57.476	0.020803801
57.509	0.021707707
57.542	0.022972198
57.576	0.024567604
57.609	0.026444182
57.642	0.028543289
57.676	0.030827576
57.709	0.033289363
57.742	0.035923588
57.776	0.038697091
57.809	0.041537614
57.842	0.044350911
57.876	0.047051982
57.909	0.049578521
57.942	0.051885846
57.976	0.053940971
58.009	0.055714051
58.042	0.057172099
58.076	0.058286143
58.109	0.059040474
58.142	0.059422701
58.176	0.059419211
58.209	0.059028955
58.242	0.058262407
58.275	0.057131608
58.309	0.055655757
58.342	0.053872205
58.375	0.051827727
58.409	0.049568572
58.442	0.047144136
58.475	0.044607474
58.509	0.042005363
58.542	0.039374628
58.575	0.036748955
58.609	0.034167089
58.642	0.03168174
58.675	0.029361325
58.709	0.027277751
58.742	0.025484774
58.775	0.024007004
58.809	0.022852818
58.842	0.022031466
58.875	0.021545391
58.909	0.021387265
58.942	0.021551151
58.975	0.022044032
59.008	0.022874285
59.042	0.02403842
59.075	0.025527535
59.108	0.027331856
59.142	0.029422062
59.175	0.031732704
59.208	0.034173896
59.242	0.036657674
59.275	0.039120333
59.308	0.041532902
59.342	0.043904979
59.375	0.046257683
59.408	0.048580891
59.442	0.050814039
59.475	0.052869688
59.508	0.054670519
59.542	0.056168011
59.575	0.057331099
59.608	0.058127144
59.642	0.05852822
59.675	0.058522112
59.708	0.058111959
59.742	0.057317485
59.775	0.056174818
59.808	0.054725846
59.841	0.053008966
59.875	0.051069556
59.908	0.048959278
59.941	0.046714959
59.975	0.044352307
60.008	0.041888077
60.041	0.039356477
60.075	0.036804282
60.108	0.034288215
60.141	0.031871457
60.175	0.029617539
60.208	0.027580391
60.241	0.025804693
60.275	0.024329192
60.308	0.023177972
60.341	0.022354701
60.375	0.021857107
60.408	0.021690079
60.441	0.021859202
60.475	0.02236046
60.508	0.023189317
60.541	0.024348565
60.574	0.025832793
60.608	0.027613727
60.641	0.029645988
60.674	0.031877043
60.708	0.034244058
60.741	0.036676174
60.774	0.039109687
60.808	0.041506024
60.841	0.043859251
60.874	0.046177223
60.908	0.048442312
60.941	0.050599364
60.974	0.052574902
61.008	0.05429283
61.041	0.055684555
61.074	0.056706271
61.108	0.057356057
61.141	0.057665678
61.174	0.057665504
61.208	0.05735501
61.241	0.05670278
61.274	0.055676527
61.307	0.054278867
61.341	0.052554656
61.374	0.050573533
61.407	0.048409674
61.441	0.046137081
61.474	0.043815444
61.507	0.04147199
61.541	0.039111258
61.574	0.036749827
61.607	0.03443395
61.641	0.032222967
61.674	0.030167842
61.707	0.02830575
61.741	0.02666706
61.774	0.02527708
61.807	0.024161815
61.841	0.023349189
61.874	0.022859624
61.907	0.022696611
61.941	0.02285753
61.974	0.023344128
62.007	0.024153612
62.041	0.025265735
62.074	0.026653272
62.107	0.028293882
62.14	0.03016662
62.174	0.032246005
62.207	0.0344994
62.24	0.036876713
62.274	0.039309178
62.307	0.041726285
62.34	0.044072182
62.374	0.046314232
62.407	0.048431141
62.44	0.050389226
62.474	0.052151834
62.507	0.053696974
62.54	0.055010858
62.574	0.056064164
62.607	0.056808198
62.64	0.05719444
62.674	0.057193741
62.707	0.056799472
62.74	0.056027862
62.774	0.054916785
62.807	0.053511271
62.84	0.051851638
62.874	0.049976281
62.907	0.047926741
62.94	0.045747349
62.973	0.043487147
63.007	0.041193436
63.04	0.038893615
63.073	0.036601823
63.107	0.034348603
63.14	0.032187013
63.173	0.030172554
63.207	0.028352525
63.24	0.026766718
63.273	0.025443584
63.307	0.024397434
63.34	0.023635598
63.373	0.02316785
63.407	0.023013388
63.44	0.02318635
63.473	0.023687085
63.507	0.024507739
63.54	0.025641505
63.573	0.027069359
63.607	0.028747842
63.64	0.030623373
63.673	0.032653016
63.706	0.034812337
63.74	0.037080393
63.773	0.039419832
63.806	0.041773932
63.84	0.044085621
63.873	0.046313359
63.906	0.048423811
63.94	0.050370726
63.973	0.052106281
64.006	0.053600807
64.04	0.054839816
64.073	0.055806728
64.106	0.056477982
64.14	0.056821288
64.173	0.056804184
64.206	0.056411659
64.24	0.055649649
64.273	0.054534907
64.306	0.053099548
64.34	0.05140047
64.373	0.049502599
64.406	0.047455328
64.44	0.045286582
64.473	0.043019574
64.506	0.040694097
64.539	0.038370016
64.573	0.036107721
64.606	0.033945781
64.639	0.031903572
64.673	0.030002733
64.706	0.028281839
64.739	0.02679412
64.773	0.025589843
64.806	0.024702169
64.839	0.024134413
64.873	0.023864061
64.906	0.023863189
64.939	0.024124988
64.973	0.024665168
65.006	0.025496642
65.039	0.026611908
65.073	0.027988798
65.106	0.029600435
65.139	0.031415228
65.173	0.033394606
65.206	0.035498426
65.239	0.037686545
65.272	0.039928421
65.306	0.042198396
65.339	0.044454234
65.372	0.046635547
65.406	0.048683516
65.439	0.050551891
65.472	0.0522021
65.506	0.053602727
65.539	0.054725497
65.572	0.055541613
65.606	0.056030305
65.639	0.056188606
65.672	0.056019135
65.706	0.05552032
65.739	0.054697572
65.772	0.053576023
65.806	0.05219285
65.839	0.050586274
65.872	0.048798882
65.906	0.04687169
65.939	0.04483524
65.972	0.042707334
66.005	0.040508917
66.039	0.038281179
66.072	0.036080493
66.105	0.033954857
66.139	0.031938304
66.172	0.030066612
66.205	0.028388304
66.239	0.026956959
66.272	0.025810453
66.305	0.024957161
66.339	0.024390802
66.372	0.024108058
66.405	0.02410928
66.439	0.024394467
66.472	0.024963619
66.505	0.025820052
66.539	0.026969177
66.572	0.028399649
66.605	0.030070976
66.639	0.031924341
66.672	0.03390721
66.705	0.035982057
66.739	0.038120085
66.772	0.040291449
66.805	0.042468573
66.838	0.044623182
66.872	0.046715657
66.905	0.048693115
66.938	0.050501102
66.972	0.052088653
67.005	0.053417722
67.038	0.054469282
67.072	0.055236878
67.105	0.05571091
67.138	0.055871655
67.172	0.055700961
67.205	0.055196212
67.238	0.054363341
67.272	0.05320898
67.305	0.051756168
67.338	0.050057265
67.372	0.048181559
67.405	0.046190139
67.438	0.044126985
67.472	0.042027703
67.505	0.039927025
67.538	0.037851654
67.571	0.035812935
67.605	0.033818023
67.638	0.03188542
67.671	0.030054395
67.705	0.028387257
67.738	0.026954865
67.771	0.025812023
67.805	0.024985435
67.838	0.024484875
67.871	0.024316451
67.905	0.024476323
67.938	0.02494093
67.971	0.025678855
68.005	0.026664617
68.038	0.027876573
68.071	0.029295177
68.105	0.030900356
68.138	0.032666106
68.171	0.034558043
68.205	0.036545449
68.238	0.038602843
68.271	0.040702823
68.305	0.042808912
68.338	0.044882538
68.371	0.046890365
68.404	0.048794868
68.438	0.050542815
68.471	0.052071549
68.504	0.053326266
68.538	0.054272933
68.571	0.054904044
68.604	0.05522885
68.638	0.055249619
68.671	0.054959545
68.704	0.054363516
68.738	0.053485266
68.771	0.052359528
68.804	0.051016149
68.838	0.04946682
68.871	0.047714858
68.904	0.04578243
68.938	0.043722069
68.971	0.041594861
69.004	0.039453866
69.038	0.037348999
69.071	0.035323195
69.104	0.033405951
69.137	0.031615243
69.171	0.029969398
69.204	0.028499132
69.237	0.027244939
69.271	0.026228459
69.304	0.025448995
69.337	0.024912481
69.371	0.02464754
69.404	0.02469222
69.437	0.025064673
69.471	0.02575722
69.504	0.026748742
69.537	0.028010091
69.571	0.02949973
69.604	0.031168788
69.637	0.032976076
69.671	0.034900302
69.704	0.036924535
69.737	0.039014217
69.771	0.041126066
69.804	0.043215749
69.837	0.045236142
69.871	0.047145881
69.904	0.048917914
69.937	0.050519951
69.97	0.051905394
70.004	0.053037414
70.037	0.053904494
70.07	0.054510996
70.104	0.054854826
70.137	0.054925512
70.17	0.054702633
70.204	0.054159487
70.237	0.053281411
70.27	0.052087083
70.304	0.050625544
70.337	0.048962943
70.37	0.047157226
70.404	0.04524225
70.437	0.043244197
70.47	0.041200417
70.504	0.039149655
70.537	0.037117394
70.57	0.035122133
70.604	0.033189879
70.637	0.03136409
70.67	0.029705155
70.703	0.028278523
70.737	0.027127129
70.77	0.026260398
70.803	0.025666812
70.837	0.025335374
70.87	0.025259452
70.903	0.025439047
70.937	0.025881313
70.97	0.02658695
71.003	0.027544263
71.037	0.028741384
71.07	0.03016662
71.103	0.031798677
71.137	0.033607711
71.17	0.035553055
71.203	0.037577637
71.237	0.039625781
71.27	0.041662929
71.303	0.043668836
71.337	0.045623081
71.37	0.047492503
71.403	0.049228582
71.437	0.050775468
71.47	0.052087432
71.503	0.053134629
71.536	0.053899083
71.57	0.054365784
71.603	0.054517628
71.636	0.054350775
71.67	0.053886866
71.703	0.053161158
71.736	0.052207161
71.77	0.051054546
71.803	0.049725652
71.836	0.048227636
71.87	0.04655945
71.903	0.044731043
71.936	0.042772784
71.97	0.040734065
72.003	0.03867702
72.036	0.036659419
72.07	0.034720184
72.103	0.032881305
72.136	0.031160585
72.17	0.02959101
72.203	0.028226163
72.236	0.027114214
72.269	0.026276979
72.303	0.025718474
72.336	0.025439745
72.369	0.025438872
72.403	0.025707304
72.436	0.026228983
72.469	0.026988375
72.503	0.027975708
72.536	0.02918208
72.569	0.030595622
72.603	0.032200103
72.636	0.033969169
72.669	0.035864596
72.703	0.037846767
72.736	0.039878679
72.769	0.041918096
72.803	0.043914404
72.836	0.045825539
72.869	0.04762829
72.903	0.049299617
72.936	0.050800251
72.969	0.052087257
73.003	0.053125554
73.036	0.053891928
73.069	0.054366483
73.102	0.054527576
73.136	0.054367181
73.169	0.053901527
73.202	0.053159064
73.236	0.052165448
73.269	0.050943892
73.302	0.049517609
73.336	0.047910335
73.369	0.046153836
73.402	0.044290522
73.436	0.042360188
73.469	0.040394075
73.502	0.03841522
73.536	0.036444744
73.569	0.03451057
73.602	0.03265162
73.636	0.0309213
73.669	0.029376335
73.702	0.028062451
73.736	0.02700548
73.769	0.02621502
73.802	0.025697181
73.835	0.025462608
73.869	0.025522299
73.902	0.025875902
73.935	0.026504221
73.969	0.027375838
74.002	0.02847016
74.035	0.029778808
74.069	0.031278395
74.102	0.03292808
74.135	0.034692259
74.169	0.036545449
74.202	0.038462519
74.235	0.040415193
74.269	0.042374849
74.302	0.044306405
74.335	0.046164657
74.369	0.04789358
74.402	0.049435404
74.435	0.050745273
74.469	0.051801547
74.502	0.052603176
74.535	0.053159064
74.569	0.05347427
74.602	0.053548098
74.635	0.053372867
74.668	0.052935138
74.702	0.052232469
74.735	0.05127917
74.768	0.050092869
74.802	0.048694861
74.835	0.047117607
74.868	0.045398457
74.902	0.043573367
74.935	0.041681953
74.968	0.039763836
75.002	0.037855842
75.035	0.035991307
75.068	0.034197458
75.102	0.032498903
75.135	0.030932819
75.168	0.029547726
75.202	0.028381148
75.235	0.027439019
75.268	0.026713311
75.302	0.02621118
75.335	0.025964391
75.368	0.026012213
75.401	0.026368958
75.435	0.027018395
75.468	0.027928584
75.501	0.02906235
75.535	0.030385659
75.568	0.031876344
75.601	0.033519048
75.635	0.035288812
75.668	0.037146366
75.701	0.039045982
75.735	0.04094717
75.768	0.042815195
75.801	0.044624927
75.835	0.046358214
75.868	0.047984686
75.901	0.04945757
75.935	0.050730613
75.968	0.05177432
76.001	0.052579615
76.035	0.053144229
76.068	0.053462926
76.101	0.053526281
76.135	0.053320158
76.168	0.052830244
76.201	0.05206003
76.234	0.051045121
76.268	0.049835084
76.301	0.048467619
76.334	0.046957036
76.368	0.045307002
76.401	0.043530082
76.434	0.041654377
76.468	0.039717236
76.501	0.037758453
76.534	0.035820789
76.568	0.033956253
76.601	0.032224014
76.634	0.030683935
76.668	0.029379651
76.701	0.028329835
76.734	0.02753222
76.768	0.026974238
76.801	0.026645244
76.834	0.026537033
76.868	0.026645767
76.901	0.026975634
76.934	0.027535361
76.967	0.028335595
77.001	0.029388552
77.034	0.030695629
77.067	0.032235882
77.101	0.033962013
77.134	0.035810142
77.167	0.037715867
77.201	0.039625432
77.234	0.041499566
77.267	0.043315581
77.301	0.04506126
77.334	0.046719322
77.367	0.048256958
77.401	0.049639258
77.434	0.05083795
77.467	0.05182825
77.501	0.05258869
77.534	0.053099374
77.567	0.053337786
77.601	0.053288916
77.634	0.052953813
77.667	0.052356911
77.701	0.051536082
77.734	0.050515588
77.767	0.049296127
77.8	0.047881363
77.834	0.046302887
77.867	0.044606427
77.9	0.042827413
77.934	0.040994293
77.967	0.039138834
78	0.037295941
78.034	0.035495634
78.067	0.033762696
78.1	0.032131162
78.134	0.030651647
78.167	0.02937267
78.2	0.02832425
78.234	0.027517559
78.267	0.026954865
78.3	0.026641927
78.334	0.026588171
78.367	0.026805465
78.4	0.027303756
78.434	0.028073796
78.467	0.029074742
78.5	0.030250221
78.533	0.03155468
78.567	0.032969444
78.6	0.034498876
78.633	0.036152052
78.667	0.037920594
78.7	0.03977012
78.733	0.041650537
78.767	0.043505124
78.8	0.045278204
78.833	0.046924748
78.867	0.048418924
78.9	0.049749214
78.933	0.050900259
78.967	0.051847449
79	0.052561289
79.033	0.053011234
79.067	0.053166394
79.1	0.053011234
79.133	0.052559194
79.167	0.051843609
79.2	0.050903575
79.233	0.049781154
79.267	0.04851387
79.3	0.047123366
79.333	0.045612435
79.366	0.043980901
79.4	0.042245695
79.433	0.040445911
79.466	0.038628674
79.5	0.036832905
79.533	0.035086005
79.566	0.033418343
79.6	0.031870585
79.633	0.030481826
79.666	0.029281738
79.7	0.028293882
79.733	0.027534489
79.766	0.027016475
79.8	0.026754152
79.833	0.02675677
79.866	0.027022409
79.9	0.027536234
79.933	0.028278872
79.966	0.029233043
80	0.030380248
80.033	0.031702859
80.066	0.033190228
80.099	0.034833281
80.133	0.036607059
80.166	0.038466359
80.199	0.040355852
80.233	0.042217071
80.266	0.043996085
80.299	0.045651705
80.333	0.047163683
80.366	0.048525215
80.399	0.049724081
80.433	0.050730438
80.466	0.051508506
80.499	0.05204118
80.533	0.052343471
80.566	0.052443828
80.599	0.052354642
80.633	0.052059681
80.666	0.051525087
80.699	0.050729566
80.733	0.049682019
80.766	0.048412117
80.799	0.04695023
80.833	0.045325328
80.866	0.043578952
80.899	0.041765031
80.932	0.039938195
80.966	0.038138586
80.999	0.036389417
81.032	0.034712155
81.066	0.03313525
81.099	0.031684009
81.132	0.030376757
81.166	0.029237232
81.199	0.028296674
81.232	0.027586674
81.266	0.02713411
81.299	0.026959577
81.332	0.02706325
81.366	0.027417028
81.399	0.027982166
81.432	0.028738068
81.466	0.029692065
81.499	0.03086353
81.532	0.032253161
81.566	0.033825703
81.599	0.035527224
81.632	0.037309554
81.665	0.039129758
81.699	0.040938443
81.732	0.042683423
81.765	0.04432508
81.799	0.04584945
81.832	0.047261073
81.865	0.048562216
81.899	0.049733681
81.932	0.050732882
81.965	0.051509204
81.999	0.052028789
82.032	0.052291112
82.065	0.052313103
82.099	0.052103489
82.132	0.051661746
82.165	0.05099311
82.199	0.050113988
82.232	0.049036247
82.265	0.047765996
82.299	0.046330114
82.332	0.044773629
82.365	0.04312918
82.399	0.041410205
82.432	0.039637475
82.465	0.037854795
82.498	0.036118542
82.532	0.034479328
82.565	0.032967699
82.598	0.031598837
82.632	0.03039072
82.665	0.02937616
82.698	0.028592856
82.732	0.028058437
82.765	0.027758415
82.798	0.027663643
82.832	0.027760858
82.865	0.028064196
82.898	0.028602456
82.932	0.029389948
82.965	0.030407126
82.998	0.031612974
83.032	0.032969619
83.065	0.03445245
83.098	0.036041224
83.132	0.037704522
83.165	0.039401855
83.198	0.041096395
83.231	0.042754458
83.265	0.044342533
83.298	0.045841771
83.331	0.047248681
83.365	0.048556107
83.398	0.04973752
83.431	0.05074283
83.465	0.051513044
83.498	0.052006972
83.531	0.052216935
83.565	0.052155674
83.598	0.051841515
83.631	0.051292434
83.665	0.050526409
83.698	0.049558799
83.731	0.048407929
83.765	0.04709579
83.798	0.045642803
83.831	0.044070262
83.865	0.042413246
83.898	0.040716263
83.931	0.039019104
83.965	0.037358424
83.998	0.035769127
84.031	0.034270936
84.064	0.032868215
84.098	0.031567421
84.131	0.030393513
84.164	0.029392043
84.198	0.028614324
84.231	0.028090202
84.264	0.027814091
84.298	0.027761905
84.331	0.027916018
84.364	0.02827381
84.398	0.02883825
84.431	0.029612652
84.464	0.030598589
84.498	0.031790474
84.531	0.033169808
84.564	0.034706919
84.598	0.036359921
84.631	0.038082386
84.664	0.039839584
84.698	0.041602366
84.731	0.04333862
84.764	0.045013089
84.797	0.046580743
84.831	0.0479887
84.864	0.049201704
84.897	0.050216613
84.931	0.051040932
84.964	0.051662619
84.997	0.052058634
85.031	0.05221711
85.064	0.052138221
85.097	0.051824236
85.131	0.051278995
85.164	0.050508258
85.197	0.049517434
85.231	0.04831752
85.264	0.046931205
85.297	0.045391301
85.331	0.043743885
85.364	0.042039222
85.397	0.040316757
85.431	0.038607032
85.464	0.036936927
85.497	0.035323544
85.531	0.033782418
85.564	0.03235055
85.597	0.031078205
85.63	0.029995403
85.664	0.029111219
85.697	0.028438395
85.73	0.027994732
85.764	0.027785991
85.797	0.027811473
85.83	0.028080428
85.864	0.028609088
85.897	0.029393963
85.93	0.030397527
85.964	0.031560963
85.997	0.032831039
86.03	0.034177736
86.064	0.035595292
86.097	0.037093657
86.13	0.03867894
86.164	0.040335606
86.197	0.042026481
86.23	0.043707408
86.264	0.045326201
86.297	0.04682474
86.33	0.048158172
86.363	0.049309042
86.397	0.05027962
86.43	0.05106781
86.463	0.051645165
86.497	0.051967702
86.53	0.05200767
86.563	0.051763149
86.597	0.051253339
86.63	0.050508781
86.663	0.049563511
86.697	0.048456274
86.73	0.047228784
86.763	0.045910711
86.797	0.044514623
86.83	0.04303947
86.863	0.041487873
86.897	0.039881122
86.93	0.038253079
86.963	0.03663097
86.997	0.035038706
87.03	0.033519048
87.063	0.032132559
87.097	0.030923744
87.13	0.029904297
87.163	0.029073695
87.196	0.028447645
87.23	0.028051455
87.263	0.027897343
87.296	0.027983911
87.33	0.028305226
87.363	0.028850816
87.396	0.029605147
87.43	0.030550243
87.463	0.031662018
87.496	0.032912895
87.53	0.034282979
87.563	0.035764589
87.596	0.037349173
87.63	0.039012996
87.663	0.040717833
87.696	0.042424067
87.73	0.044088413
87.763	0.045662177
87.796	0.047103993
87.83	0.048384367
87.863	0.049475372
87.896	0.050351876
87.929	0.051004804
87.963	0.051441136
87.996	0.051662444
88.029	0.051658081
88.063	0.051428919
88.096	0.050987874
88.129	0.050337914
88.163	0.049476943
88.196	0.048420495
88.229	0.047199113
88.263	0.045839327
88.296	0.044356496
88.329	0.042764581
88.363	0.041093254
88.396	0.039384751
88.429	0.037683578
88.463	0.036037558
88.496	0.034499749
88.529	0.033113259
88.563	0.031900081
88.596	0.030866846
88.629	0.030004828
88.663	0.029302333
88.696	0.028762328
88.729	0.028411517
88.762	0.028286377
88.796	0.028405408
88.829	0.028753601
88.862	0.029298493
88.896	0.030018092
88.929	0.030913795
88.962	0.031999565
88.996	0.033278018
89.029	0.034724722
89.062	0.036288188
89.096	0.037910646
89.129	0.03955492
89.162	0.04120286
89.196	0.04282846
89.229	0.044392799
89.262	0.045861668
89.296	0.047210109
89.329	0.04840915
89.362	0.049417951
89.396	0.050194797
89.429	0.05072241
89.462	0.051021385
89.495	0.051132038
89.529	0.051084565
89.562	0.050883154
89.595	0.050512272
89.629	0.049952719
89.662	0.049188789
89.695	0.048210183
89.729	0.047019694
89.762	0.045635648
89.795	0.044090158
89.829	0.042432794
89.862	0.040721848
89.895	0.039009156
89.929	0.037343065
89.962	0.035770174
89.995	0.034323296
90.029	0.033017615
90.062	0.031860113
90.095	0.030855327
90.129	0.029999941
90.162	0.029290116
90.195	0.028738242
90.229	0.028382195
90.262	0.028272414
90.295	0.028443456
90.328	0.02889602
90.362	0.029605497
90.395	0.030535757
90.428	0.031642645
90.462	0.032879734
90.495	0.03421142
90.528	0.035619901
90.562	0.037097846
90.595	0.038632514
90.628	0.040189871
90.662	0.04172419
90.695	0.043203531
90.728	0.044619342
90.762	0.045970053
90.795	0.047243619
90.828	0.04840723
90.862	0.049410097
90.895	0.050198287
90.928	0.050743179
90.962	0.051052451
90.995	0.051151063
91.028	0.051052451
91.061	0.050743354
91.095	0.050198636
91.128	0.049410446
91.161	0.048407929
91.195	0.047244143
91.228	0.045970576
91.261	0.044619342
91.295	0.043202484
91.328	0.041721049
91.361	0.040183937
91.395	0.038623089
91.428	0.037085803
91.461	0.035607858
91.495	0.034206533
91.528	0.032893348
91.561	0.031690816
91.595	0.030636637
91.628	0.029772001
91.661	0.029122389
91.695	0.028694609
91.728	0.028498085
91.761	0.028548002
91.795	0.028839122
91.828	0.029340206
91.861	0.030018965
91.894	0.030860737
91.928	0.031864476
91.961	0.033026342
91.994	0.034334292
92.028	0.035771919
92.061	0.037315314
92.094	0.03892346
92.128	0.040546267
92.161	0.042144989
92.194	0.043691002
92.228	0.04514521
92.261	0.046466599
92.294	0.047640856
92.328	0.048674789
92.361	0.04955845
92.394	0.050255534
92.428	0.05073358
92.461	0.050988398
92.494	0.051034125
92.528	0.050879838
92.561	0.050523617
92.594	0.049962668
92.627	0.049197515
92.661	0.048232697
92.694	0.047083398
92.727	0.045775797
92.761	0.044340788
92.794	0.042816068
92.827	0.041254697
92.861	0.039714967
92.894	0.038231786
92.927	0.036810565
92.961	0.035441878
92.994	0.03412206
93.027	0.032864724
93.061	0.031706873
93.094	0.030704181
93.127	0.029913896
93.161	0.029367957
93.194	0.029059558
93.227	0.028963041
93.261	0.029063397
93.294	0.029370226
93.327	0.02990325
93.361	0.030664039
93.394	0.031618036
93.427	0.032711659
93.46	0.033903893
93.494	0.035182696
93.527	0.0365451
93.56	0.037976096
93.594	0.039459102
93.627	0.040985392
93.66	0.04253891
93.694	0.044074625
93.727	0.045526564
93.76	0.046836783
93.794	0.047976832
93.827	0.048944792
93.86	0.049740662
93.894	0.050345768
93.927	0.050732358
93.96	0.050890136
93.994	0.05082678
94.027	0.050559221
94.06	0.050109101
94.094	0.049495792
94.127	0.048722437
94.16	0.047772629
94.193	0.04662874
94.227	0.045302813
94.26	0.043849827
94.293	0.04234099
94.327	0.040823251
94.36	0.039307258
94.393	0.03778568
94.427	0.036266546
94.46	0.03479279
94.493	0.033431258
94.527	0.032235359
94.56	0.031221671
94.593	0.030390371
94.627	0.029752453
94.66	0.029323277
94.693	0.029103016
94.727	0.029079105
94.76	0.029246831
94.793	0.029610034
94.827	0.030171681
94.86	0.030927583
94.893	0.031865698
94.927	0.032961765
94.96	0.034182972
94.993	0.035502091
95.026	0.036904813
95.06	0.038384852
95.093	0.039927897
95.126	0.04149625
95.16	0.043036678
95.193	0.044506245
95.226	0.045880517
95.26	0.047140296
95.293	0.048259925
95.326	0.049209209
95.36	0.04996546
95.393	0.050513843
95.426	0.050844059
95.46	0.050951746
95.493	0.050836205
95.526	0.050498135
95.56	0.04994312
95.593	0.049184426
95.626	0.048242297
95.66	0.047147452
95.693	0.045938811
95.726	0.044649187
95.759	0.043294637
95.793	0.041877081
95.826	0.040394249
95.859	0.03885836
95.893	0.037311474
95.926	0.035817472
95.959	0.034432205
95.993	0.033189007
96.026	0.032099572
96.059	0.031161807
96.093	0.030374838
96.126	0.029758387
96.159	0.029340381
96.193	0.029132338
96.226	0.029132338
96.259	0.029340381
96.293	0.029758562
96.326	0.030375012
96.359	0.031161807
96.393	0.032099572
96.426	0.033188657
96.459	0.034431855
96.493	0.035816774
96.526	0.037310427
96.559	0.038857138
96.592	0.040393551
96.626	0.041877605
96.659	0.043297604
96.692	0.044656343
96.726	0.045951378
96.759	0.047165603
96.792	0.04826359
96.826	0.049201704
96.859	0.049941549
96.892	0.050455025
96.926	0.050721886
96.959	0.050737245
96.992	0.05051681
97.026	0.050095662
97.059	0.049512547
97.092	0.048791028
97.126	0.047932501
97.159	0.046925795
97.192	0.045766373
97.226	0.04446331
97.259	0.043035631
97.292	0.041514227
97.325	0.039950412
97.359	0.038404225
97.392	0.036917902
97.425	0.035507851
97.459	0.034181226
97.492	0.032952165
97.525	0.031848419
97.559	0.030904196
97.592	0.030146898
97.625	0.02959485
97.659	0.029260619
97.692	0.029150489
97.725	0.029265681
97.759	0.029606195
97.792	0.03016662
97.825	0.030932994
97.859	0.031883849
97.892	0.032984628
97.925	0.034190826
97.959	0.035460727
97.992	0.036767455
98.025	0.038100538
98.059	0.039461196
98.092	0.040855889
98.125	0.04228287
98.158	0.043718229
98.192	0.045106464
98.225	0.046384394
98.258	0.047518858
98.292	0.048507587
98.325	0.049347614
98.358	0.05001974
98.392	0.050495342
98.425	0.050741259
98.458	0.050734278
98.492	0.050469511
98.525	0.049962319
98.558	0.049240625
98.592	0.048337941
98.625	0.047291267
98.658	0.046133066
98.692	0.044880967
98.725	0.043552946
98.758	0.042183561
98.792	0.040809289
98.825	0.039448804
98.858	0.038105075
98.891	0.036776356
98.925	0.035465789
98.958	0.034187684
98.991	0.032972411
99.025	0.031865523
99.058	0.030916937
99.091	0.030168191
99.125	0.029648955
99.158	0.029379651
99.191	0.029364816
99.225	0.029588043
99.258	0.03001338
99.291	0.030600509
99.325	0.0313229
99.358	0.032176192
99.391	0.033166841
99.425	0.034295371
99.458	0.035550437
99.491	0.036918426
99.525	0.038385899
99.558	0.039928246
99.591	0.041496425
99.625	0.043026031
99.658	0.04446331
99.691	0.045775797
99.724	0.046943597
99.758	0.047955016
99.791	0.048809703
99.824	0.049512373
99.858	0.050053949
99.891	0.050403713
99.924	0.050523268
99.958	0.050394113
99.991	0.05003475
100.024	0.0494834
100.058	0.048774622
100.091	0.047923774
100.124	0.046936616
100.158	0.045826412
100.191	0.044616375
100.224	0.043329544
100.258	0.041978659
100.291	0.040568259
100.324	0.039103927
100.358	0.037610798
100.391	0.036143849
100.424	0.03477586
100.457	0.033554653
100.491	0.032484766
100.524	0.031549619
100.557	0.030747989
100.591	0.030099948
100.624	0.029639007
100.657	0.02939885
100.691	0.02940234
100.724	0.029648257
100.757	0.030110944
100.791	0.030752701
100.824	0.031536005
100.857	0.032436071
100.891	0.033452551
100.924	0.03460761
100.957	0.035916258
100.991	0.037359122
101.024	0.038881049
101.057	0.040411179
101.091	0.041895581
101.124	0.0433086
101.157	0.044636621
101.191	0.045861493
101.224	0.046954942
101.257	0.047885377
101.29	0.048630982
101.324	0.04918652
101.357	0.049556006
101.39	0.049755846
101.424	0.049805239
101.457	0.049710642
101.49	0.049458966
101.524	0.049030313
101.557	0.048420844
101.59	0.047646965
101.624	0.046721417
101.657	0.045639487
101.69	0.044396987
101.724	0.043005785
101.757	0.041499566
101.79	0.03993802
101.824	0.038392008
101.857	0.036915808
101.89	0.035539441
101.924	0.034282106
101.957	0.033163699
101.99	0.032202895
102.023	0.031405978
102.057	0.030767711
102.09	0.030282335
102.123	0.02995369
102.157	0.029805686
102.19	0.02987323
102.223	0.030168191
102.257	0.030669973
102.29	0.031351
102.323	0.032192773
102.357	0.033183072
102.39	0.03430113
102.423	0.035512389
102.457	0.03678229
102.49	0.038083608
102.523	0.039399586
102.557	0.0407208
102.59	0.04203992
102.623	0.043346125
102.657	0.044619168
102.69	0.045826587
102.723	0.046925097
102.757	0.047870891
102.79	0.048633949
102.823	0.04920153
102.856	0.049571365
102.89	0.049750959
102.923	0.049750959
102.956	0.049571365
102.99	0.049201704
103.023	0.048634298
103.056	0.04787124
103.09	0.046925795
103.123	0.045827808
103.156	0.04462039
103.19	0.043346823
103.223	0.042039048
103.256	0.040716961
103.29	0.039391034
103.323	0.038068773
103.356	0.036761172
103.39	0.035488303
103.423	0.034283153
103.456	0.033188483
103.49	0.0322481
103.523	0.031490103
103.556	0.030924965
103.589	0.030548847
103.623	0.030346563
103.656	0.030298392
103.689	0.030397527
103.723	0.030656185
103.756	0.031092342
103.789	0.031707047
103.823	0.032477959
103.856	0.033384483
103.889	0.034421558
103.923	0.035586042
103.956	0.036865543
103.989	0.038244353
104.023	0.039701179
104.056	0.041198672
104.089	0.04267138
104.123	0.044041987
104.156	0.045259005
104.189	0.046318595
104.223	0.047240303
104.256	0.048033904
104.289	0.048691545
104.323	0.049198912
104.356	0.049542567
104.389	0.049717449
104.422	0.049723383
104.456	0.04955269
104.489	0.049191407
104.522	0.048629934
104.556	0.047870891
104.589	0.046927191
104.622	0.045829379
104.656	0.04462196
104.689	0.043348219
104.722	0.042040269
104.756	0.040718008
104.789	0.039392081
104.822	0.03806982
104.856	0.036761696
104.889	0.035487605
104.922	0.034279488
104.956	0.033180105
104.989	0.032233788
105.022	0.031469857
105.056	0.030901403
105.089	0.030531219
105.122	0.030351276
105.155	0.030351101
105.189	0.030530696
105.222	0.03090088
105.255	0.031469159
105.289	0.032233788
105.322	0.033181327
105.355	0.034282281
105.389	0.035493539
105.422	0.03677112
105.455	0.038082212
105.489	0.039404124
105.522	0.040723244
105.555	0.042027179
105.589	0.043300746
105.622	0.044521953
105.655	0.045663573
105.689	0.046700473
105.722	0.04761712
105.755	0.048398853
105.789	0.049016176
105.822	0.04943872
105.855	0.049659504
105.889	0.049690571
105.922	0.049546407
105.955	0.049238182
105.988	0.048780905
106.022	0.04819238
106.055	0.04747889
106.088	0.046629089
106.122	0.045625001
106.155	0.044460517
106.188	0.043146983
106.222	0.041710053
106.255	0.040193885
106.288	0.038668293
106.322	0.037217052
106.355	0.035902819
106.388	0.034748633
106.422	0.033739832
106.455	0.032851285
106.488	0.032075312
106.522	0.031423781
106.555	0.030916064
106.588	0.030569267
106.622	0.03039072
106.655	0.030382168
106.688	0.030550941
106.721	0.030911701
106.755	0.031473348
106.788	0.032233613
106.821	0.03317836
106.855	0.034277394
106.888	0.035486034
106.921	0.036760648
106.955	0.038069296
106.988	0.039391732
107.021	0.040717659
107.055	0.042039746
107.088	0.043347172
107.121	0.044620564
107.155	0.045827808
107.188	0.046925795
107.221	0.047871065
107.255	0.048634298
107.288	0.04920153
107.321	0.049571365
107.355	0.049750959
107.388	0.049751308
107.421	0.049571889
107.455	0.049202577
107.488	0.048635345
107.521	0.047872112
107.554	0.046925271
107.588	0.045824667
107.621	0.044613408
107.654	0.043334605
107.688	0.04202142
107.721	0.040696366
107.754	0.039374628
107.788	0.038070867
107.821	0.036803932
107.854	0.035600528
107.888	0.034491895
107.921	0.033505435
107.954	0.032651096
107.988	0.031924865
108.021	0.031327962
108.054	0.030876271
108.088	0.030595971
108.121	0.030507657
108.154	0.030621453
108.188	0.030936659
108.221	0.031438441
108.254	0.032097827
108.287	0.032880781
108.321	0.033758507
108.354	0.034718264
108.387	0.035765985
108.421	0.036903591
108.454	0.038117642
108.487	0.039386671
108.521	0.040690257
108.554	0.042009901
108.587	0.043325355
108.621	0.044611139
108.654	0.045831473
108.687	0.04694063
108.721	0.047892358
108.754	0.048652624
108.787	0.049201704
108.821	0.049529477
108.854	0.049637513
108.887	0.049536982
108.921	0.04924429
108.954	0.048783523
108.987	0.048181385
109.021	0.047453059
109.054	0.046598371
109.087	0.045613133
109.12	0.044505896
109.154	0.043303888
109.187	0.042038
109.22	0.040734938
109.254	0.039413374
109.287	0.03808832
109.32	0.036774611
109.354	0.035494936
109.387	0.034282455
109.42	0.033180803
109.454	0.03223309
109.487	0.031468635
109.52	0.030900356
109.554	0.030530172
109.587	0.030350403
109.62	0.030350403
109.654	0.030529997
109.687	0.030900007
109.72	0.031468635
109.754	0.032234137
109.787	0.033183945
109.82	0.034288389
109.853	0.03550436
109.887	0.036786828
109.92	0.038100014
109.953	0.039418436
109.987	0.040721499
110.02	0.041990178
110.053	0.043203706
110.087	0.044340613
110.12	0.045387985
110.153	0.04634844
110.187	0.047227911
110.22	0.048014357
110.253	0.048678804
110.287	0.049186345
110.32	0.049505217
110.353	0.049615347
110.387	0.049508359
110.42	0.049184775
110.453	0.048657511
110.487	0.047951874
110.52	0.047100153
110.553	0.046138477
110.587	0.045092676
110.62	0.043957688
110.653	0.042709079
110.686	0.041348421
110.72	0.039928595
110.753	0.038533903
110.786	0.037232934
110.82	0.036049427
110.853	0.034966973
110.886	0.033955904
110.92	0.03301395
110.953	0.032170956
110.986	0.031468112
111.02	0.03094015
111.053	0.030612202
111.086	0.030494916
111.12	0.030584626
111.153	0.030867893
111.186	0.031322551
111.22	0.031921897
111.253	0.032649874
111.286	0.033506307
111.32	0.034495385
111.353	0.035607858
111.386	0.036816324
111.419	0.038088495
111.453	0.039395048
111.486	0.040712946
111.519	0.042020373
111.553	0.043294288
111.586	0.04450607
111.619	0.045622558
111.653	0.046616174
111.686	0.047475225
111.719	0.048199536
111.753	0.048783
111.786	0.049201704
111.819	0.049423012
111.853	0.049423012
111.886	0.049202228
111.919	0.048783523
111.953	0.048199711
111.986	0.047474177
112.019	0.046613381
112.053	0.045616798
112.086	0.04449682
112.119	0.043282595
112.152	0.042009028
112.186	0.040708409
112.219	0.039408836
112.252	0.038135619
112.286	0.036914237
112.319	0.035768254
112.352	0.034712504
112.386	0.033745767
112.419	0.032864026
112.452	0.032082468
112.486	0.031435474
112.519	0.03096249
112.552	0.030697724
112.586	0.030657057
112.619	0.030830718
112.652	0.031189383
112.686	0.031703033
112.719	0.03235823
112.752	0.033144675
112.786	0.034032699
112.819	0.034986521
112.852	0.035994972
112.886	0.037070793
112.919	0.038224281
112.952	0.03944671
112.985	0.040715913
113.019	0.042002745
113.052	0.043274566
113.085	0.044494028
113.119	0.045620987
113.152	0.046622806
113.185	0.047482729
113.219	0.048194998
113.252	0.048747919
113.285	0.049114089
113.319	0.049262442
113.352	0.049183553
113.385	0.04890238
113.419	0.048455751
113.452	0.047866527
113.485	0.047147975
113.519	0.046316326
113.552	0.045382749
113.585	0.044344977
113.619	0.043205975
113.652	0.041985291
113.685	0.040709805
113.718	0.039406917
113.752	0.038103505
113.785	0.03682732
113.818	0.035611174
113.852	0.034490149
113.885	0.033492519
113.918	0.03263085
113.952	0.031904619
113.985	0.031319933
114.018	0.030900705
114.052	0.030679223
114.085	0.030679223
114.118	0.030900705
114.152	0.031319933
114.185	0.031904619
114.218	0.03263085
114.252	0.033492519
114.285	0.034490149
114.318	0.035611174
114.352	0.03682732
114.385	0.038103505
114.418	0.039406917
114.452	0.040709805
114.485	0.041985291
114.518	0.043205975
114.551	0.044344802
114.585	0.045382749
114.618	0.046316326
114.651	0.047147975
114.685	0.047866876
114.718	0.048456274
114.751	0.048902904
114.785	0.049184251
114.818	0.049262965
114.851	0.049114612
114.885	0.048747395
114.918	0.048192729
114.951	0.047477494
114.985	0.046614079
115.018	0.04560842
115.051	0.044479716
115.085	0.043264269
115.118	0.04200641
115.151	0.040749249
115.185	0.039529613
115.218	0.038375427
115.251	0.037295592
115.285	0.036276843
115.318	0.035299633
115.351	0.034367278
115.384	0.033508576
115.418	0.03275442
115.451	0.032123483
115.484	0.03162589
115.518	0.031272635
115.551	0.031086234
115.584	0.031094611
115.618	0.031303876
115.651	0.031694481
115.684	0.032248623
115.718	0.032950595
115.751	0.033777881
115.784	0.034715297
115.818	0.035761098
115.851	0.036908652
115.884	0.038136491
115.918	0.039413723
115.951	0.040708758
115.984	0.041988782
116.018	0.043220635
116.051	0.04436976
116.084	0.045407882
116.117	0.046320689
116.151	0.047096837
116.184	0.047713986
116.217	0.04815311
116.251	0.048420844
116.284	0.04854389
116.317	0.04854389
116.351	0.048420844
116.384	0.048153285
116.417	0.047714335
116.451	0.047097361
116.484	0.046321562
116.517	0.045409104
116.551	0.044370982
116.584	0.043221334
116.617	0.041987909
116.651	0.040704569
116.684	0.039404473
116.717	0.038120958
116.751	0.03688701
116.784	0.035737013
116.817	0.034698891
116.85	0.033786956
116.884	0.033012728
116.917	0.032397849
116.95	0.031961167
116.984	0.031694132
117.017	0.031567596
117.05	0.031555378
117.084	0.031653815
117.117	0.03188158
117.15	0.032267473
117.184	0.03282912
117.217	0.033564252
117.25	0.034449658
117.284	0.035440481
117.317	0.036480348
117.35	0.037531909
117.384	0.038596211
117.417	0.039701528
117.45	0.04086671
117.484	0.042082332
117.517	0.043313138
117.55	0.044507641
117.584	0.04560685
117.617	0.046556309
117.65	0.047321112
117.683	0.047889217
117.717	0.048264986
117.75	0.048467444
117.783	0.048522248
117.817	0.048444406
117.85	0.048229905
117.883	0.047867051
117.917	0.047352877
117.95	0.0466996
117.983	0.045928688
118.017	0.045061434
118.05	0.044105692
118.083	0.043053957
118.117	0.041904657
118.15	0.040674026
118.183	0.03939051
118.217	0.038087971
118.25	0.036804805
118.283	0.035586216
118.317	0.034482295
118.35	0.03353912
118.383	0.032784439
118.416	0.032224538
118.45	0.031849466
118.483	0.031633744
118.516	0.031545081
118.55	0.031563581
118.583	0.031693957
118.616	0.031962738
118.65	0.032400641
118.683	0.033017092
118.716	0.033794112
118.75	0.034710061
118.783	0.035752721
118.816	0.036905162
118.85	0.038135444
118.883	0.0394036
118.916	0.04066879
118.95	0.041892614
118.983	0.043041739
119.016	0.044096267
119.05	0.0450555
119.083	0.045925547
119.116	0.046698728
119.15	0.047353052
119.183	0.047867575
119.216	0.048230429
119.249	0.048444755
119.283	0.048522597
119.316	0.048467619
119.349	0.048264986
119.383	0.047889217
119.416	0.047321112
119.449	0.046556134
119.483	0.04560685
119.516	0.044507816
119.549	0.043313312
119.583	0.042082681
119.616	0.040867583
119.649	0.039702401
119.683	0.038597258
119.716	0.037532607
119.749	0.036479999
119.783	0.035437863
119.816	0.034443724
119.849	0.03355378
119.883	0.032813761
119.916	0.032249496
119.949	0.031867269
119.982	0.031655211
120.016	0.031591681
120.049	0.03166324
120.082	0.031874075
120.116	0.032235533
120.149	0.032750405
120.182	0.033405602
120.216	0.034180354
120.249	0.035052669
120.282	0.036014869
120.316	0.037072888
120.349	0.038225852
120.382	0.039452295
120.416	0.040717135
120.449	0.04197831
120.482	0.043190965
120.516	0.044310419
120.549	0.045303686
120.582	0.046158548
120.616	0.046880591
120.649	0.047474352
120.682	0.047932675
120.716	0.048242297
120.749	0.048396235
120.782	0.048396235
120.815	0.048242122
120.849	0.047932501
120.882	0.047474177
120.915	0.046880591
120.949	0.046158548
120.982	0.045303686
121.015	0.044310768
121.049	0.043191314
121.082	0.041979008
121.115	0.040718182
121.149	0.039453342
121.182	0.03822655
121.215	0.037072364
121.249	0.036012077
121.282	0.035046211
121.315	0.034168834
121.349	0.033388847
121.382	0.032730509
121.415	0.032219651
121.449	0.031875297
121.482	0.031702335
121.515	0.031695703
121.548	0.031851212
121.582	0.032167116
121.615	0.032634166
121.648	0.03323805
121.682	0.03396882
121.715	0.03482822
121.748	0.035815203
121.782	0.036910223
121.815	0.038069994
121.848	0.039243728
121.882	0.04039006
121.915	0.041490665
121.948	0.042558108
121.982	0.043615603
122.015	0.044662626
122.048	0.045659908
122.082	0.04655212
122.115	0.04729371
122.148	0.047859721
122.182	0.048244217
122.215	0.048459241
122.248	0.048525215
122.282	0.048452958
122.315	0.04823549
122.348	0.047855881
122.381	0.047306975
122.415	0.046599767
122.448	0.04576009
122.481	0.044828433
122.515	0.043841973
122.548	0.04280961
122.581	0.041717209
122.615	0.040556739
122.648	0.039344957
122.681	0.038118165
122.715	0.036923837
122.748	0.035810317
122.781	0.034816352
122.815	0.033956602
122.848	0.033228451
122.881	0.032628058
122.915	0.032163451
122.948	0.031849292
122.981	0.031694656
123.015	0.031701811
123.048	0.031875297
123.081	0.032221221
123.114	0.032735046
123.148	0.033398097
123.181	0.034184542
123.214	0.035068028
123.248	0.036036511
123.281	0.037089468
123.314	0.038217998
123.348	0.039391558
123.381	0.040568957
123.414	0.041711449
123.448	0.042798091
123.481	0.043832373
123.514	0.044825466
123.548	0.045765675
123.581	0.046613381
123.614	0.047325824
123.648	0.047871938
123.681	0.048234966
123.714	0.048414735
123.748	0.048421542
123.781	0.04826359
123.814	0.047944544
123.848	0.047474876
123.881	0.046869246
123.914	0.046136732
123.947	0.045275761
123.981	0.044286159
124.014	0.043188696
124.047	0.042027005
124.081	0.040853794
124.114	0.039714618
124.147	0.038632514
124.181	0.037599279
124.214	0.036594144
124.247	0.035612396
124.281	0.034674107
124.314	0.033806329
124.347	0.033038559
124.381	0.032411811
124.414	0.031961167
124.447	0.031693085
124.481	0.031592379
124.514	0.031646135
124.547	0.031856971
124.581	0.032236929
124.614	0.032788977
124.647	0.033500548
124.68	0.034344065
124.714	0.035278515
124.747	0.03626672
124.78	0.03730013
124.814	0.038393055
124.847	0.039553699
124.88	0.040765306
124.914	0.041991575
124.947	0.043185205
124.98	0.044298027
125.014	0.045291294
125.047	0.046150171
125.08	0.046877449
125.114	0.047477144
125.147	0.047941053
125.18	0.048254514
125.214	0.048408801
125.247	0.04840182
125.28	0.048229207
125.314	0.047884679
125.347	0.047373646
125.38	0.046714086
125.414	0.045932004
125.447	0.045052009
125.48	0.04408405
125.513	0.043024635
125.547	0.041878128
125.58	0.040670011
125.613	0.039439903
125.647	0.038231612
125.68	0.037084581
125.713	0.036024294
125.747	0.035055811
125.78	0.034174943
125.813	0.033391988
125.847	0.03273173
125.88	0.032219651
125.913	0.031874599
125.947	0.031701462
125.98	0.03169483
126.013	0.031850164
126.047	0.032165895
126.08	0.032633119
126.113	0.033237352
126.147	0.033969343
126.18	0.034831187
126.213	0.035822359
126.246	0.03692244
126.28	0.038087622
126.313	0.039264323
126.346	0.040406292
126.38	0.041488396
126.413	0.042515173
126.446	0.043503728
126.48	0.04445406
126.513	0.045344003
126.546	0.046151043
126.58	0.046861567
126.613	0.047459866
126.646	0.04791976
126.68	0.048210706
126.713	0.048311935
126.746	0.04821699
126.78	0.047930756
126.813	0.047471734
126.846	0.046867152
126.88	0.046138128
126.913	0.04529653
126.946	0.044353703
126.98	0.043337922
127.013	0.042289328
127.046	0.041237592
127.079	0.040180796
127.113	0.039098342
127.146	0.037986219
127.179	0.036871128
127.213	0.03580159
127.246	0.034823682
127.279	0.033963235
127.313	0.033228102
127.346	0.03262544
127.379	0.032173574
127.413	0.031896765
127.446	0.031810371
127.479	0.031916312
127.513	0.032201499
127.546	0.032637308
127.579	0.03318412
127.613	0.033809646
127.646	0.034501669
127.679	0.035270312
127.713	0.03613966
127.746	0.037130309
127.779	0.038238419
127.812	0.039431351
127.846	0.040660412
127.879	0.041872369
127.912	0.043019574
127.946	0.044068865
127.979	0.045010296
128.012	0.045844214
128.046	0.046563465
128.079	0.047159495
128.112	0.047630733
128.146	0.04796828
128.179	0.0481477
128.212	0.048147351
128.246	0.047966186
128.279	0.047625497
128.312	0.047149721
128.346	0.046547582
128.379	0.045822398
128.412	0.044986036
128.446	0.044051936
128.479	0.043027951
128.512	0.041933979
128.546	0.040809463
128.579	0.03969891
128.612	0.038631641
128.645	0.037608704
128.679	0.036618229
128.712	0.035663534
128.745	0.034769053
128.779	0.033958173
128.812	0.033245206
128.845	0.032645162
128.879	0.03218422
128.912	0.03189275
128.945	0.031791172
128.979	0.031886642
129.012	0.032173399
129.045	0.032633468
129.079	0.033240145
129.112	0.033971787
129.145	0.034817224
129.179	0.035764065
129.212	0.036783512
129.245	0.037832106
129.279	0.038877035
129.312	0.039915505
129.345	0.040962878
129.378	0.042021943
129.412	0.043070712
129.445	0.044079512
129.478	0.045031764
129.512	0.045917169
129.545	0.046712516
129.578	0.047382199
129.612	0.047889042
129.645	0.0482039
129.678	0.048311237
129.712	0.048212277
129.745	0.047920458
129.778	0.047464229
129.812	0.046879893
129.845	0.046199214
129.878	0.045440171
129.912	0.044610965
129.945	0.043716658
129.978	0.042751665
130.012	0.041704119
130.045	0.04057716
130.078	0.039400982
130.112	0.038223758
130.145	0.037094704
130.178	0.036051696
130.211	0.035109916
130.245	0.034272681
130.278	0.033549068
130.311	0.032949373
130.345	0.03247569
130.378	0.032136398
130.411	0.03195628
130.445	0.031956804
130.478	0.032138144
130.511	0.032479356
130.545	0.032955831
130.578	0.033558667
130.611	0.034284724
130.645	0.03512161
130.678	0.036056059
130.711	0.037080393
130.745	0.038174889
130.778	0.039299753
130.811	0.04041083
130.845	0.041478971
130.878	0.042503654
130.911	0.043496747
130.944	0.044454234
130.978	0.04535081
131.011	0.046160468
131.044	0.046866105
131.078	0.047446776
131.111	0.047872287
131.144	0.048110873
131.178	0.048146653
131.211	0.047991668
131.244	0.047679952
131.278	0.047245888
131.311	0.046699775
131.344	0.046034804
131.378	0.045242948
131.411	0.044331188
131.444	0.043329893
131.478	0.04228671
131.511	0.041239512
131.544	0.040194409
131.578	0.039139707
131.611	0.038075754
131.644	0.037028905
131.677	0.036033544
131.711	0.03511201
131.744	0.03427879
131.777	0.033554828
131.811	0.032962114
131.844	0.032512517
131.877	0.032222269
131.911	0.032117025
131.944	0.032207782
131.977	0.032472374
132.011	0.032876418
132.044	0.033401064
132.077	0.034044043
132.111	0.034803436
132.144	0.03566685
132.177	0.036607059
132.211	0.037594567
132.244	0.038620995
132.277	0.039695245
132.311	0.040813826
132.344	0.041946022
132.377	0.043044881
132.411	0.044067295
132.444	0.04498813
132.477	0.045792902
132.51	0.046463283
132.544	0.046986009
132.577	0.047369981
132.61	0.047629337
132.644	0.047754128
132.677	0.047719396
132.71	0.047519032
132.744	0.047172061
132.777	0.04669611
132.81	0.04610008
132.844	0.045393919
132.877	0.04459229
132.91	0.043714215
132.944	0.04277069
132.977	0.041766776
133.01	0.040718706
133.044	0.03965964
133.077	0.038620122
133.11	0.037609227
133.144	0.036625211
133.177	0.035682209
133.21	0.034813908
133.243	0.034049977
133.277	0.033403507
133.31	0.032876767
133.343	0.032471502
133.377	0.032206386
133.41	0.032115804
133.443	0.032221047
133.477	0.032511644
133.51	0.032961939
133.543	0.033556049
133.577	0.034281932
133.61	0.035117944
133.643	0.03604262
133.677	0.037040599
133.71	0.038087099
133.743	0.03914407
133.777	0.040180796
133.81	0.041192214
133.843	0.042188971
133.877	0.043169497
133.91	0.04411407
133.943	0.045003489
133.977	0.045820303
134.01	0.046538506
134.043	0.047131569
134.076	0.047584133
134.11	0.047877698
134.143	0.047985908
134.176	0.047897245
134.21	0.0476337
134.243	0.047229482
134.276	0.04670344
134.31	0.046058017
134.343	0.045294785
134.376	0.044427356
134.41	0.043485053
134.443	0.042500862
134.476	0.04148892
134.51	0.040446609
134.543	0.039382656
134.576	0.038328129
134.61	0.037317059
134.643	0.036369869
134.676	0.035496157
134.71	0.03471617
134.743	0.034057831
134.776	0.033544006
134.81	0.033183421
134.843	0.03296543
134.876	0.032865772
134.909	0.032865772
134.943	0.03296543
134.976	0.033183247
135.009	0.033543657
135.043	0.034057308
135.076	0.034715297
135.109	0.035494586
135.143	0.036367949
135.176	0.037315838
135.209	0.038328129
135.243	0.039386322
135.276	0.040456208
135.309	0.041507071
135.343	0.042528612
135.376	0.043519785
135.409	0.04445947
135.443	0.045304035
135.476	0.046010195
135.509	0.046552644
135.543	0.046925446
135.576	0.047144659
135.609	0.047240129
135.642	0.047236114
135.676	0.047138376
135.709	0.0469333
135.742	0.046602036
135.776	0.046136906
135.809	0.045543145
135.842	0.044828258
135.876	0.043995911
135.909	0.043055527
135.942	0.042036604
135.976	0.040985916
136.009	0.039942034
136.042	0.038916304
136.076	0.037903315
136.109	0.036910398
136.142	0.03596408
136.176	0.035093859
136.209	0.034330452
136.242	0.033711733
136.276	0.033267895
136.309	0.03299702
136.342	0.032871182
136.375	0.032861932
136.409	0.032958623
136.442	0.033168586
136.475	0.033506482
136.509	0.033975975
136.542	0.034566595
136.575	0.035266472
136.609	0.036067927
136.642	0.036959616
136.675	0.037916754
136.709	0.038910719
136.742	0.039929294
136.775	0.04097335
136.809	0.042027005
136.842	0.043049768
136.875	0.043993293
136.909	0.044827909
136.942	0.045543843
136.975	0.046137604
137.009	0.046601687
137.042	0.046930856
137.075	0.047132616
137.109	0.04722669
137.142	0.047227911
137.175	0.047132616
137.208	0.046920559
137.242	0.046566257
137.275	0.046058366
137.308	0.045404915
137.342	0.044625975
137.375	0.043746329
137.408	0.042780463
137.442	0.041733615
137.475	0.040622713
137.508	0.039487202
137.542	0.038376474
137.575	0.037329277
137.608	0.036363062
137.642	0.035482544
137.675	0.034702905
137.708	0.034047709
137.742	0.033537723
137.775	0.033180105
137.808	0.032964383
137.842	0.032866121
137.875	0.03286647
137.908	0.032966128
137.941	0.033183945
137.975	0.033544181
138.008	0.034057482
138.041	0.034715297
138.075	0.035494586
138.108	0.036367949
138.141	0.037315663
138.175	0.038328129
138.208	0.039386147
138.241	0.040456034
138.275	0.041506897
138.308	0.042528612
138.341	0.043520134
138.375	0.044459994
138.408	0.045304733
138.441	0.046011417
138.475	0.046553865
138.508	0.046926319
138.541	0.047144136
138.575	0.047236638
138.608	0.047227911
138.641	0.047123715
138.675	0.046912181
138.708	0.046577427
138.741	0.046117358
138.774	0.045545763
138.808	0.044879396
138.841	0.044129603
138.874	0.043304935
138.908	0.042415341
138.941	0.041465532
138.974	0.040456558
139.008	0.039405346
139.041	0.038350992
139.074	0.037333989
139.108	0.036378072
139.141	0.03549511
139.174	0.034706221
139.208	0.03403968
139.241	0.033520619
139.274	0.033162303
139.308	0.032960543
139.341	0.032899282
139.374	0.032967699
139.408	0.033167015
139.441	0.033502817
139.474	0.033969867
139.507	0.034549491
139.541	0.03522249
139.574	0.035976995
139.607	0.036804456
139.641	0.037695796
139.674	0.038646127
139.707	0.039655451
139.741	0.040706314
139.774	0.041759795
139.807	0.042775053
139.841	0.043728003
139.874	0.044606252
139.907	0.045389207
139.941	0.046048942
139.974	0.04656329
140.007	0.04692405
140.041	0.047141518
140.074	0.047240827
140.107	0.047240827
140.141	0.047141518
140.174	0.04692405
140.207	0.04656329
140.241	0.046048942
140.274	0.045389207
140.307	0.044606427
140.34	0.043728177
140.374	0.042775053
140.407	0.041759795
140.44	0.04070614
140.474	0.039655102
140.507	0.038645778
140.54	0.037695098
140.574	0.036803758
140.607	0.035976297
140.64	0.035222141
140.674	0.034550189
140.707	0.033972485
140.74	0.033508227
140.774	0.033175917
140.807	0.032980091
140.84	0.032912546
140.874	0.032968571
140.907	0.033154973
140.94	0.033482047
140.974	0.033951017
141.007	0.034551585
141.04	0.035273628
141.073	0.036112608
141.107	0.037058925
141.14	0.03808291
141.173	0.039137089
141.207	0.040180796
141.24	0.041199021
141.273	0.04219316
141.307	0.043150997
141.34	0.044044082
141.373	0.04484798
141.407	0.045550825
141.44	0.046143713
141.473	0.046611985
141.507	0.046941503
141.54	0.04713122
141.573	0.047190212
141.607	0.047124937
141.64	0.046930507
141.673	0.046599244
141.707	0.046135684
141.74	0.045558329
141.773	0.044886029
141.807	0.044131348
141.84	0.043302142
141.873	0.042408534
141.906	0.041454886
141.94	0.040443293
141.973	0.039392779
142.006	0.038345582
142.04	0.037347428
142.073	0.036426243
142.106	0.035596339
142.14	0.034872726
142.173	0.034266398
142.206	0.033772296
142.24	0.033388498
142.273	0.033126349
142.306	0.032999464
142.34	0.033015172
142.373	0.033180629
142.406	0.03349985
142.44	0.033963235
142.473	0.034547222
142.506	0.035228249
142.54	0.035990085
142.573	0.036818942
142.606	0.037699286
142.639	0.038619598
142.673	0.039572374
142.706	0.040538937
142.739	0.041491189
142.773	0.042409755
142.806	0.043287656
142.839	0.044113197
142.873	0.044870321
142.906	0.045547159
142.939	0.046129052
142.973	0.046596102
143.006	0.046929984
143.039	0.047126682
143.073	0.047194227
143.106	0.047138027
143.139	0.046951626
143.173	0.046624551
143.206	0.04615593
143.239	0.045555886
143.273	0.044834367
143.306	0.043995911
143.339	0.043049942
143.373	0.042026481
143.406	0.040972477
143.439	0.039928944
143.472	0.038910545
143.506	0.037916405
143.539	0.03695822
143.572	0.036064786
143.606	0.035260712
143.639	0.03455717
143.672	0.033963584
143.706	0.033494614
143.739	0.03316335
143.772	0.032971538
143.806	0.032909579
143.839	0.032971538
143.872	0.033163525
143.906	0.033495661
143.939	0.0339669
143.972	0.034563104
144.006	0.035269963
144.039	0.036077003
144.072	0.036970088
144.106	0.037921467
144.139	0.03889728
144.172	0.039881122
144.205	0.04087212
144.239	0.041860849
144.272	0.042824271
144.305	0.043744758
144.339	0.044607474
144.372	0.045386764
144.405	0.046048942
144.439	0.046565734
144.472	0.046922828
144.505	0.047124937
144.539	0.047191609
144.572	0.047140296
144.605	0.046975711
144.639	0.046698029
144.672	0.046312312
144.705	0.045822921
144.739	0.045222877
144.772	0.044505721
144.805	0.043680181
144.839	0.042761963
144.872	0.04176538
144.905	0.040718881
144.939	0.039668192
144.972	0.038655727
145.005	0.037700683
145.038	0.036804456
145.072	0.035971934
145.105	0.035212716
145.138	0.034536226
145.172	0.033956602
145.205	0.033496708
145.238	0.033179582
145.272	0.033015521
145.305	0.033001384
145.338	0.033130363
145.372	0.033395304
145.405	0.033782418
145.438	0.03427879
145.472	0.034884943
145.505	0.035601052
145.538	0.036412804
145.572	0.037299082
145.605	0.038244527
145.638	0.0392261
145.672	0.040216575
145.705	0.041203209
145.738	0.04218199
145.771	0.043135812
145.805	0.044030643
145.838	0.044838381
145.871	0.045545414
145.905	0.046141269
145.938	0.046611287
145.971	0.046942026
146.005	0.047131918
146.038	0.04719091
146.071	0.047125635
146.105	0.046930856
146.138	0.046599244
146.171	0.046135684
146.205	0.045558329
146.238	0.044886029
146.271	0.044131174
146.305	0.043302142
146.338	0.042408359
146.371	0.041454886
146.405	0.040443293
146.438	0.039392779
146.471	0.038345582
146.505	0.037347428
146.538	0.036426243
146.571	0.035596339
146.604	0.034872726
146.638	0.034266398
146.671	0.033772296
146.704	0.033388498
146.738	0.033126349
146.771	0.032999464
146.804	0.033015172
146.838	0.033180629
146.871	0.03349985
146.904	0.033963235
146.938	0.034547222
146.971	0.035228249
147.004	0.035989911
147.038	0.036818768
147.071	0.037699112
147.104	0.038619075
147.138	0.039571501
147.171	0.040538239
147.204	0.041490665
147.238	0.042410279
147.271	0.043290274
147.304	0.044118607
147.337	0.04487992
147.371	0.045560598
147.404	0.046144236
147.437	0.046607098
147.471	0.046925969
147.504	0.047090729
147.537	0.047105389
147.571	0.046976584
147.604	0.046711992
147.637	0.046325227
147.671	0.045829205
147.704	0.045223401
147.737	0.044506943
147.771	0.043695016
147.804	0.042807167
147.837	0.041859628
147.871	0.040875087
147.904	0.03988217
147.937	0.038895535
147.971	0.037922514
148.004	0.036984574
148.037	0.036119938
148.071	0.0353588
148.104	0.03471041
148.137	0.034168834
148.17	0.033724299
148.204	0.033381865
148.237	0.033167364
148.27	0.03310907
148.304	0.033222866
148.337	0.033508227
148.37	0.03394456
148.404	0.034496433
148.437	0.035130685
148.47	0.035828468
148.504	0.036586988
148.537	0.037412354
148.57	0.038302821
148.604	0.0392357
148.637	0.040176258
148.67	0.041103027
148.704	0.042008679
148.737	0.042886405
148.77	0.043725036
148.804	0.044508165
148.837	0.045211358
148.87	0.045814195
148.903	0.046312486
148.937	0.046703265
148.97	0.046971697
149.003	0.047103295
149.037	0.047090379
149.07	0.046926319
149.103	0.046607796
149.137	0.04614476
149.17	0.045560947
149.203	0.044880269
149.237	0.044118782
149.27	0.043290449
149.303	0.042410803
149.337	0.041491189
149.37	0.040539112
149.403	0.039572199
149.437	0.038618726
149.47	0.037696843
149.503	0.036813357
149.537	0.035979963
149.57	0.035213588
149.603	0.034529245
149.637	0.033947527
149.67	0.033498104
149.703	0.033210823
149.736	0.033101566
149.77	0.033167364
149.803	0.033389196
149.836	0.033736516
149.87	0.034179481
149.903	0.034707967
149.936	0.035326686
149.97	0.036037733
150.003	0.036832905
150.036	0.037694923
150.07	0.038607905
150.103	0.039559982
150.136	0.040528989
150.17	0.041484556
150.203	0.042407312
150.236	0.043289227
150.27	0.044118782
150.303	0.044880618
150.336	0.045561646
150.37	0.046145458
150.403	0.046608145
150.436	0.046926668
150.469	0.047090379
150.503	0.047103295
150.536	0.046971697
150.569	0.046703265
150.603	0.046312486
150.636	0.04581402
150.669	0.045211358
150.703	0.044508165
150.736	0.043725036
150.769	0.042886405
150.803	0.042008679
150.836	0.041103027
150.869	0.040176607
150.903	0.039235874
150.936	0.038303345
150.969	0.037413052
151.003	0.036587512
151.036	0.035828642
151.069	0.035129638
151.103	0.034493466
151.136	0.033938451
151.169	0.033498628
151.203	0.0332103
151.236	0.033096853
151.269	0.033161779
151.302	0.033394781
151.336	0.033771946
151.369	0.034269889
151.402	0.034878136
151.436	0.035588485
151.469	0.036377723
151.502	0.037220368
151.536	0.038100887
151.569	0.039007934
151.602	0.03993453
151.636	0.040874913
151.669	0.041807442
151.702	0.04269756
151.736	0.043522228
151.769	0.044280574
151.802	0.044978182
151.836	0.045611911
151.869	0.046163086
151.902	0.046598371
151.936	0.046881464
151.969	0.046991768
152.002	0.046928762
152.035	0.046708851
152.069	0.046362054
152.102	0.045918042
152.135	0.045388334
152.169	0.044770662
152.202	0.044066597
152.235	0.043289227
152.269	0.04246037
152.302	0.041597479
152.335	0.040708059
152.369	0.039795776
152.402	0.038864643
152.435	0.037921467
152.469	0.036994697
152.502	0.036129014
152.535	0.035361941
152.569	0.034708665
152.602	0.034168311
152.635	0.033736865
152.669	0.033424102
152.702	0.033258122
152.735	0.033262659
152.769	0.033436669
152.802	0.033754493
152.835	0.034184542
152.868	0.034711283
152.902	0.035332445
152.935	0.036043143
152.968	0.036826971
153.002	0.037658969
153.035	0.038516973
153.068	0.039389289
153.102	0.040267015
153.135	0.041144566
153.168	0.0420195
153.202	0.042882914
153.235	0.043718229
153.268	0.044505198
153.302	0.045215198
153.335	0.045823096
153.368	0.046320689
153.402	0.046699251
153.435	0.046939059
153.468	0.04702109
153.502	0.046939059
153.535	0.046699251
153.568	0.046320689
153.601	0.045823096
153.635	0.045215198
153.668	0.044505198
153.701	0.043718229
153.735	0.042882914
153.768	0.042019674
153.801	0.041144566
153.835	0.040267015
153.868	0.039389289
153.901	0.038516973
153.935	0.03765862
153.968	0.036826622
154.001	0.03604262
154.035	0.035331922
154.068	0.034710759
154.101	0.034184368
154.135	0.03375554
154.168	0.03343981
154.201	0.033268594
154.235	0.033267721
154.268	0.033436494
154.301	0.033748908
154.335	0.034173198
154.368	0.034695051
154.401	0.035313596
154.434	0.036027959
154.468	0.036827669
154.501	0.037694399
154.534	0.038612094
154.568	0.039568534
154.601	0.040541381
154.634	0.041497821
154.668	0.042415341
154.701	0.043281897
154.734	0.044081257
154.768	0.044794922
154.801	0.045412594
154.834	0.045932528
154.868	0.046354549
154.901	0.046663996
154.934	0.046829104
154.968	0.046825613
155.001	0.046655094
155.034	0.046346869
155.068	0.045937066
155.101	0.045445581
155.134	0.044876604
155.167	0.044229959
155.201	0.043503204
155.234	0.042692324
155.267	0.04180465
155.301	0.040869851
155.334	0.039929817
155.367	0.039014043
155.401	0.038137015
155.434	0.037311474
155.467	0.036548242
155.501	0.035850459
155.534	0.035218475
155.567	0.034657527
155.601	0.034178434
155.634	0.033795508
155.667	0.033537374
155.701	0.033443301
155.734	0.033532487
155.767	0.033786084
155.801	0.034166042
155.834	0.034645658
155.867	0.035213588
155.901	0.035864247
155.934	0.036596413
155.967	0.037411133
156	0.038300552
156.034	0.039234653
156.067	0.040172069
156.1	0.041084178
156.134	0.041959286
156.167	0.042788317
156.2	0.043564814
156.234	0.044291744
156.267	0.044972422
156.3	0.045600043
156.334	0.046151218
156.367	0.046588946
156.4	0.046875355
156.434	0.046988976
156.467	0.046928937
156.5	0.046712167
156.534	0.04636886
156.567	0.045928688
156.6	0.045401599
156.634	0.044783578
156.667	0.044072356
156.7	0.043275962
156.733	0.042411152
156.767	0.041493458
156.8	0.040535272
156.833	0.039559633
156.867	0.0386004
156.9	0.03768288
156.933	0.036822957
156.967	0.036041573
157	0.035361767
157.033	0.034795931
157.067	0.034340051
157.1	0.033975801
157.133	0.033688694
157.167	0.033494788
157.2	0.033435971
157.233	0.033541388
157.267	0.033804061
157.3	0.034196934
157.333	0.034702556
157.367	0.03531377
157.4	0.036020803
157.433	0.036804631
157.467	0.03764012
157.5	0.038507897
157.533	0.039400808
157.566	0.040314662
157.6	0.041246494
157.633	0.04218932
157.666	0.043115916
157.7	0.043980901
157.733	0.044747275
157.766	0.045399679
157.8	0.045938113
157.833	0.046367115
157.866	0.046676038
157.9	0.046837481
157.933	0.046828406
157.966	0.046652127
158	0.046338492
158.033	0.045924849
158.066	0.045433713
158.1	0.044872066
158.133	0.04424462
158.166	0.043552772
158.2	0.042794252
158.233	0.041970805
158.266	0.041092381
158.299	0.040171371
158.333	0.039222086
158.366	0.038275943
158.399	0.037378495
158.433	0.036567266
158.466	0.035860407
158.499	0.035269788
158.533	0.034807799
158.566	0.034481423
158.599	0.034280186
158.633	0.034177736
158.666	0.034148589
158.699	0.034182797
158.733	0.03428996
158.766	0.034494164
158.799	0.034820366
158.833	0.035275199
158.866	0.035847143
158.899	0.036519095
158.933	0.037277615
158.966	0.03810909
158.999	0.038995542
159.033	0.03991952
159.066	0.040865663
159.099	0.041804126
159.132	0.042693721
159.166	0.04350495
159.199	0.044231705
159.232	0.044877826
159.266	0.045446628
159.299	0.045937764
159.332	0.046347742
159.366	0.046655967
159.399	0.046826311
159.432	0.046828929
159.466	0.046661727
159.499	0.046349487
159.532	0.045923278
159.566	0.045398457
159.599	0.044777644
159.632	0.044065724
159.666	0.043278929
159.699	0.042442219
159.732	0.041577757
159.766	0.040699158
159.799	0.03981864
159.832	0.038947371
159.865	0.038096
159.899	0.037283025
159.932	0.036531836
159.965	0.035860058
159.999	0.035284798
160.032	0.034825427
160.065	0.034494338
160.099	0.034284899
160.132	0.034173198
160.165	0.034135848
160.199	0.034165169
160.232	0.034274776
160.265	0.034494338
160.299	0.034855098
160.332	0.035369446
160.365	0.036025167
160.399	0.036791715
160.432	0.037628601
160.465	0.038502138
160.499	0.039391732
160.532	0.040281676
160.565	0.041159227
160.599	0.042014089
160.632	0.04282846
160.665	0.043579999
160.698	0.044250903
160.732	0.044824942
160.765	0.045282742
160.798	0.045611038
160.832	0.045816813
160.865	0.045923801
160.898	0.04595609
160.932	0.045923801
160.965	0.045816813
160.998	0.045611038
161.032	0.045282742
161.065	0.044824942
161.098	0.044250903
161.132	0.043579999
161.165	0.04282846
161.198	0.042014089
161.232	0.041159227
161.265	0.040281676
161.298	0.039391732
161.332	0.038502138
161.365	0.037628601
161.398	0.036791715
161.431	0.036025167
161.465	0.035369446
161.498	0.034855272
161.531	0.034494513
161.565	0.034274776
161.598	0.034165344
161.631	0.034136022
161.665	0.034173372
161.698	0.034284899
161.731	0.034493989
161.765	0.034824729
161.798	0.035283576
161.831	0.035858139
161.865	0.036529567
161.898	0.03728128
161.931	0.038095825
161.965	0.038951037
161.998	0.039828763
162.031	0.040718881
162.065	0.041608649
162.098	0.042481489
162.131	0.043316978
162.165	0.044080734
162.198	0.044732265
162.231	0.045240854
162.264	0.04559533
162.298	0.045810704
162.331	0.045922405
162.364	0.04596726
162.398	0.04596726
162.431	0.045922405
162.464	0.045810704
162.498	0.04559533
162.531	0.045240854
162.564	0.044732265
162.598	0.044080734
162.631	0.043316978
162.664	0.042481489
162.698	0.041608649
162.731	0.040718881
162.764	0.039828763
162.798	0.038951037
162.831	0.038095825
162.864	0.03728128
162.898	0.036529567
162.931	0.035858139
162.964	0.035283576
162.997	0.034824729
163.031	0.034493989
163.064	0.034284899
163.097	0.034173372
163.131	0.034136022
163.164	0.034165344
163.197	0.034274776
163.231	0.034494513
163.264	0.034855272
163.297	0.035369446
163.331	0.036025167
163.364	0.036791715
163.397	0.037628601
163.431	0.038502138
163.464	0.039391732
163.497	0.040281676
163.531	0.041159227
163.564	0.042014089
163.597	0.04282846
163.631	0.043579999
163.664	0.044250903
163.697	0.044824942
163.731	0.045282742
163.764	0.045611213
163.797	0.045816987
163.83	0.04592415
163.864	0.045956788
163.897	0.045924674
163.93	0.045818034
163.964	0.045611911
163.997	0.045282044
164.03	0.04482215
164.064	0.044244097
164.097	0.043567258
164.13	0.042810134
164.164	0.041992796
164.197	0.041141948
164.23	0.040283246
164.264	0.039434842
164.297	0.038616631
164.33	0.037843451
164.364	0.037119313
164.397	0.036443871
164.43	0.035822883
164.464	0.035273628
164.497	0.034822111
164.53	0.034489451
164.563	0.034279488
164.597	0.034178434
164.63	0.034173896
164.663	0.034266573
164.697	0.034471824
164.73	0.034806927
164.763	0.035274151
164.797	0.035858139
164.83	0.036539166
164.863	0.037299082
164.897	0.038118165
164.93	0.038969362
164.963	0.039828239
164.997	0.040676469
165.03	0.041494679
165.063	0.042267162
165.097	0.042989728
165.13	0.043662553
165.163	0.044279178
165.197	0.044822673
165.23	0.045268081
165.263	0.045596203
165.297	0.045808435
165.33	0.045924674
165.363	0.045966213
165.396	0.045939684
165.43	0.04583095
165.463	0.045610515
165.496	0.045247312
165.53	0.044729996
165.563	0.044071658
165.596	0.043305458
165.63	0.042475903
165.663	0.041621041
165.696	0.040766004
165.73	0.039928944
165.763	0.039116843
165.796	0.03832202
165.83	0.037532607
165.863	0.036755587
165.896	0.036024294
165.93	0.035384631
165.963	0.034873947
165.996	0.034510744
166.03	0.034285946
166.063	0.034170929
166.096	0.034136022
166.129	0.034167787
166.163	0.034273729
166.196	0.034477758
166.229	0.034805705
166.263	0.035268566
166.296	0.035859186
166.329	0.036565695
166.363	0.037377273
166.396	0.038275769
166.429	0.039225402
166.463	0.040180796
166.496	0.041111231
166.529	0.04200065
166.563	0.042833521
166.596	0.043592216
166.629	0.044263819
166.663	0.04483524
166.696	0.045289549
166.729	0.045614878
166.763	0.045817685
166.796	0.045921532
166.829	0.04595033
166.863	0.045913504
166.896	0.045801977
166.929	0.045593411
166.962	0.045267558
166.996	0.044823197
167.029	0.04428005
167.062	0.043663251
167.096	0.042990252
167.129	0.042267511
167.162	0.041494679
167.196	0.040676469
167.229	0.039828239
167.262	0.038969188
167.296	0.038117991
167.329	0.037299082
167.362	0.036539166
167.396	0.035858139
167.429	0.035274151
167.462	0.034806927
167.496	0.034471824
167.529	0.034266573
167.562	0.034173896
167.596	0.034178434
167.629	0.034279488
167.662	0.034489451
167.695	0.034822111
167.729	0.035273628
167.762	0.035822883
167.795	0.036443697
167.829	0.037119313
167.862	0.037843276
167.895	0.038616282
167.929	0.039434842
167.962	0.040283072
167.995	0.041142123
168.029	0.041993145
168.062	0.042811181
168.095	0.043569178
168.129	0.04424654
168.162	0.044825291
168.195	0.045285011
168.229	0.045612086
168.262	0.045812275
168.295	0.045908966
168.329	0.04592607
168.362	0.045875979
168.395	0.045755203
168.429	0.045551348
168.462	0.04525918
168.495	0.044896152
168.528	0.044498391